-0.735460
-0.735460
-0.735460
-0.735460
-0.681480
-0.627500
-0.573520
-0.519540
-0.465560
-0.411580
-0.357600
-0.357600
-0.357600
-0.357600
-0.735460
-0.735460
-0.735460
-0.735460
-0.681480
-0.627500
-0.573520
-0.519540
-0.465560
-0.411580
-0.357600
-0.357600
-0.357600
-0.357600
-0.454063
-0.454063
-0.454063
-0.454063
-0.413451
-0.372839
-0.332226
-0.291614
-0.251001
-0.210389
-0.169777
-0.169777
-0.169777
-0.169777
-0.172667
-0.172667
-0.172667
-0.172667
-0.145422
-0.118177
-0.090932
-0.063688
-0.036443
-0.009198
0.018047
0.018047
0.018047
0.018047
0.108730
0.108730
0.108730
0.108730
0.122607
0.136484
0.150361
0.164239
0.178116
0.191993
0.205870
0.205870
0.205870
0.205870
-0.181763
-0.181763
-0.181763
-0.181763
-0.153631
-0.125499
-0.097366
-0.069234
-0.041101
-0.012969
0.015163
0.015163
0.015163
0.015163
-0.472257
-0.472257
-0.472257
-0.472257
-0.429869
-0.387482
-0.345094
-0.302706
-0.260319
-0.217931
-0.175543
-0.175543
-0.175543
-0.175543
-0.762750
-0.762750
-0.762750
-0.762750
-0.706107
-0.649464
-0.592821
-0.536179
-0.479536
-0.422893
-0.366250
-0.366250
-0.366250
-0.366250
-0.988333
-0.988333
-0.988333
-0.988333
-0.904001
-0.819669
-0.735336
-0.651004
-0.566671
-0.482339
-0.398007
-0.398007
-0.398007
-0.398007
-1.213917
-1.213917
-1.213917
-1.213917
-1.101895
-0.989873
-0.877851
-0.765829
-0.653807
-0.541785
-0.429763
-0.429763
-0.429763
-0.429763
-1.439500
-1.439500
-1.439500
-1.439500
-1.299789
-1.160077
-1.020366
-0.880654
-0.740943
-0.601231
-0.461520
-0.461520
-0.461520
-0.461520
-1.094650
-1.094650
-1.094650
-1.094650
-0.961620
-0.828591
-0.695561
-0.562532
-0.429502
-0.296473
-0.163443
-0.163443
-0.163443
-0.163443
-0.749800
-0.749800
-0.749800
-0.749800
-0.623452
-0.497105
-0.370757
-0.244409
-0.118062
0.008286
0.134633
0.134633
0.134633
0.134633
-0.404950
-0.404950
-0.404950
-0.404950
-0.285284
-0.165619
-0.045953
0.073713
0.193379
0.313044
0.432710
0.432710
0.432710
0.432710
-0.369540
-0.369540
-0.369540
-0.369540
-0.265560
-0.161579
-0.057599
0.046382
0.150362
0.254343
0.358323
0.358323
0.358323
0.358323
-0.334130
-0.334130
-0.334130
-0.334130
-0.245835
-0.157540
-0.069244
0.019051
0.107346
0.195641
0.283937
0.283937
0.283937
0.283937
-0.298720
-0.298720
-0.298720
-0.298720
-0.226110
-0.153500
-0.080890
-0.008280
0.064330
0.136940
0.209550
0.209550
0.209550
0.209550
-0.409400
-0.409400
-0.409400
-0.409400
-0.348157
-0.286914
-0.225671
-0.164429
-0.103186
-0.041943
0.019300
0.019300
0.019300
0.019300
-0.520080
-0.520080
-0.520080
-0.520080
-0.470204
-0.420329
-0.370453
-0.320577
-0.270702
-0.220826
-0.170950
-0.170950
-0.170950
-0.170950
-0.630760
-0.630760
-0.630760
-0.630760
-0.592251
-0.553743
-0.515234
-0.476726
-0.438217
-0.399709
-0.361200
-0.361200
-0.361200
-0.361200
-0.502920
-0.502920
-0.502920
-0.502920
-0.462780
-0.422639
-0.382499
-0.342358
-0.302218
-0.262078
-0.221937
-0.221937
-0.221937
-0.221937
-0.375080
-0.375080
-0.375080
-0.375080
-0.333308
-0.291535
-0.249763
-0.207991
-0.166219
-0.124447
-0.082675
-0.082675
-0.082675
-0.082675
-0.247240
-0.247240
-0.247240
-0.247240
-0.203836
-0.160432
-0.117028
-0.073624
-0.030220
0.013184
0.056588
0.056588
0.056588
0.056588
-0.108750
-0.108750
-0.108750
-0.108750
-0.068587
-0.028424
0.011739
0.051903
0.092066
0.132229
0.172392
0.172392
0.172392
0.172392
0.029740
0.029740
0.029740
0.029740
0.066662
0.103585
0.140507
0.177429
0.214352
0.251274
0.288196
0.288196
0.288196
0.288196
0.168230
0.168230
0.168230
0.168230
0.201911
0.235593
0.269274
0.302956
0.336637
0.370319
0.404000
0.404000
0.404000
0.404000
0.003103
0.003103
0.003103
0.003103
0.024388
0.045673
0.066959
0.088244
0.109529
0.130814
0.152100
0.152100
0.152100
0.152100
-0.162023
-0.162023
-0.162023
-0.162023
-0.153134
-0.144245
-0.135356
-0.126467
-0.117578
-0.108689
-0.099800
-0.099800
-0.099800
-0.099800
-0.327150
-0.327150
-0.327150
-0.327150
-0.330657
-0.334164
-0.337671
-0.341179
-0.344686
-0.348193
-0.351700
-0.351700
-0.351700
-0.351700
-0.367847
-0.367847
-0.367847
-0.367847
-0.365921
-0.363996
-0.362071
-0.360146
-0.358220
-0.356295
-0.354370
-0.354370
-0.354370
-0.354370
-0.408543
-0.408543
-0.408543
-0.408543
-0.401186
-0.393828
-0.386470
-0.379113
-0.371755
-0.364398
-0.357040
-0.357040
-0.357040
-0.357040
-0.449240
-0.449240
-0.449240
-0.449240
-0.436450
-0.423660
-0.410870
-0.398080
-0.385290
-0.372500
-0.359710
-0.359710
-0.359710
-0.359710
-0.298263
-0.298263
-0.298263
-0.298263
-0.276456
-0.254650
-0.232844
-0.211038
-0.189232
-0.167426
-0.145620
-0.145620
-0.145620
-0.145620
-0.147286
-0.147286
-0.147286
-0.147286
-0.116463
-0.085641
-0.054819
-0.023997
0.006826
0.037648
0.068470
0.068470
0.068470
0.068470
0.003691
0.003691
0.003691
0.003691
0.043530
0.083368
0.123206
0.163045
0.202883
0.242722
0.282560
0.282560
0.282560
0.282560
0.010154
0.010154
0.010154
0.010154
0.039351
0.068548
0.097746
0.126943
0.156140
0.185338
0.214535
0.214535
0.214535
0.214535
0.016616
0.016616
0.016616
0.016616
0.035172
0.053728
0.072285
0.090841
0.109397
0.127954
0.146510
0.146510
0.146510
0.146510
0.023078
0.023078
0.023078
0.023078
0.030993
0.038909
0.046824
0.054739
0.062654
0.070570
0.078485
0.078485
0.078485
0.078485
-0.128005
-0.128005
-0.128005
-0.128005
-0.123999
-0.119993
-0.115987
-0.111981
-0.107975
-0.103970
-0.099964
-0.099964
-0.099964
-0.099964
-0.279087
-0.279087
-0.279087
-0.279087
-0.278991
-0.278894
-0.278798
-0.278701
-0.278605
-0.278508
-0.278412
-0.278412
-0.278412
-0.278412
-0.430170
-0.430170
-0.430170
-0.430170
-0.433983
-0.437796
-0.441609
-0.445421
-0.449234
-0.453047
-0.456860
-0.456860
-0.456860
-0.456860
-0.405023
-0.405023
-0.405023
-0.405023
-0.395239
-0.385455
-0.375670
-0.365886
-0.356101
-0.346317
-0.336533
-0.336533
-0.336533
-0.336533
-0.379877
-0.379877
-0.379877
-0.379877
-0.356495
-0.333114
-0.309732
-0.286350
-0.262969
-0.239587
-0.216206
-0.216206
-0.216206
-0.216206
-0.354730
-0.354730
-0.354730
-0.354730
-0.317751
-0.280773
-0.243794
-0.206815
-0.169836
-0.132858
-0.095879
-0.095879
-0.095879
-0.095879
-0.147576
-0.147576
-0.147576
-0.147576
-0.112377
-0.077177
-0.041977
-0.006778
0.028422
0.063621
0.098821
0.098821
0.098821
0.098821
0.059577
0.059577
0.059577
0.059577
0.092997
0.126418
0.159838
0.193259
0.226679
0.260100
0.293521
0.293521
0.293521
0.293521
0.266730
0.266730
0.266730
0.266730
0.298371
0.330013
0.361654
0.393296
0.424937
0.456579
0.488220
0.488220
0.488220
0.488220
0.193748
0.193748
0.193748
0.193748
0.212919
0.232090
0.251261
0.270432
0.289603
0.308774
0.327945
0.327945
0.327945
0.327945
0.120765
0.120765
0.120765
0.120765
0.127466
0.134167
0.140867
0.147568
0.154268
0.160969
0.167670
0.167670
0.167670
0.167670
0.047783
0.047783
0.047783
0.047783
0.042013
0.036243
0.030474
0.024704
0.018934
0.013164
0.007395
0.007395
0.007395
0.007395
-0.073102
-0.073102
-0.073102
-0.073102
-0.070637
-0.068173
-0.065708
-0.063244
-0.060779
-0.058315
-0.055850
-0.055850
-0.055850
-0.055850
-0.193986
-0.193986
-0.193986
-0.193986
-0.183287
-0.172589
-0.161890
-0.151191
-0.140493
-0.129794
-0.119095
-0.119095
-0.119095
-0.119095
-0.314870
-0.314870
-0.314870
-0.314870
-0.295937
-0.277004
-0.258071
-0.239139
-0.220206
-0.201273
-0.182340
-0.182340
-0.182340
-0.182340
-0.148656
-0.148656
-0.148656
-0.148656
-0.123585
-0.098514
-0.073443
-0.048372
-0.023302
0.001769
0.026840
0.026840
0.026840
0.026840
0.017557
0.017557
0.017557
0.017557
0.048766
0.079975
0.111185
0.142394
0.173603
0.204812
0.236021
0.236021
0.236021
0.236021
0.183770
0.183770
0.183770
0.183770
0.221117
0.258464
0.295811
0.333159
0.370506
0.407853
0.445200
0.445200
0.445200
0.445200
0.094908
0.094908
0.094908
0.094908
0.125363
0.155817
0.186271
0.216726
0.247180
0.277634
0.308089
0.308089
0.308089
0.308089
0.006047
0.006047
0.006047
0.006047
0.029608
0.053170
0.076731
0.100293
0.123854
0.147416
0.170977
0.170977
0.170977
0.170977
-0.082814
-0.082814
-0.082814
-0.082814
-0.066145
-0.049477
-0.032808
-0.016139
0.000530
0.017198
0.033867
0.033867
0.033867
0.033867
-0.292586
-0.292586
-0.292586
-0.292586
-0.273528
-0.254469
-0.235410
-0.216352
-0.197293
-0.178234
-0.159176
-0.159176
-0.159176
-0.159176
-0.502359
-0.502359
-0.502359
-0.502359
-0.480910
-0.459462
-0.438013
-0.416564
-0.395116
-0.373667
-0.352218
-0.352218
-0.352218
-0.352218
-0.712130
-0.712130
-0.712130
-0.712130
-0.688291
-0.664453
-0.640614
-0.616776
-0.592937
-0.569099
-0.545260
-0.545260
-0.545260
-0.545260
-0.706947
-0.706947
-0.706947
-0.706947
-0.671043
-0.635140
-0.599237
-0.563333
-0.527430
-0.491526
-0.455623
-0.455623
-0.455623
-0.455623
-0.701763
-0.701763
-0.701763
-0.701763
-0.653795
-0.605827
-0.557859
-0.509891
-0.461923
-0.413954
-0.365986
-0.365986
-0.365986
-0.365986
-0.696580
-0.696580
-0.696580
-0.696580
-0.636547
-0.576514
-0.516481
-0.456449
-0.396416
-0.336383
-0.276350
-0.276350
-0.276350
-0.276350
-0.486319
-0.486319
-0.486319
-0.486319
-0.431145
-0.375970
-0.320795
-0.265620
-0.210446
-0.155271
-0.100096
-0.100096
-0.100096
-0.100096
-0.276059
-0.276059
-0.276059
-0.276059
-0.225742
-0.175425
-0.125109
-0.074792
-0.024476
0.025841
0.076157
0.076157
0.076157
0.076157
-0.065799
-0.065799
-0.065799
-0.065799
-0.020341
0.025118
0.070576
0.116035
0.161493
0.206952
0.252410
0.252410
0.252410
0.252410
-0.098236
-0.098236
-0.098236
-0.098236
-0.069381
-0.040526
-0.011671
0.017184
0.046039
0.074895
0.103750
0.103750
0.103750
0.103750
-0.130673
-0.130673
-0.130673
-0.130673
-0.118421
-0.106170
-0.093918
-0.081666
-0.069414
-0.057162
-0.044911
-0.044911
-0.044911
-0.044911
-0.163110
-0.163110
-0.163110
-0.163110
-0.167461
-0.171813
-0.176164
-0.180516
-0.184867
-0.189219
-0.193570
-0.193570
-0.193570
-0.193570
-0.163110
-0.163110
-0.163110
-0.163110
-0.167461
-0.171813
-0.176164
-0.180516
-0.184867
-0.189219
-0.193570
-0.193570
-0.193570
-0.193570
