-0.73546
-0.73546
-0.73546
-0.73546
-0.68148
-0.6275
-0.57352
-0.51954
-0.46556
-0.41158
-0.3576
-0.3576
-0.3576
-0.3576
-0.73546
-0.73546
-0.73546
-0.73546
-0.68148
-0.6275
-0.57352
-0.51954
-0.46556
-0.41158
-0.3576
-0.3576
-0.3576
-0.3576
-0.45406
-0.45406
-0.45406
-0.45406
-0.41345
-0.37284
-0.33223
-0.29161
-0.251
-0.21039
-0.16978
-0.16978
-0.16978
-0.16978
-0.17267
-0.17267
-0.17267
-0.17267
-0.14542
-0.11818
-0.090934
-0.063689
-0.036443
-0.0091983
0.018047
0.018047
0.018047
0.018047
0.10873
0.10873
0.10873
0.10873
0.1226
0.13648
0.15036
0.16424
0.17812
0.19199
0.20587
0.20587
0.20587
0.20587
-0.18176
-0.18176
-0.18176
-0.18176
-0.15363
-0.1255
-0.097367
-0.069234
-0.041102
-0.012969
0.015163
0.015163
0.015163
0.015163
-0.47226
-0.47226
-0.47226
-0.47226
-0.42987
-0.38748
-0.34509
-0.30271
-0.26032
-0.21793
-0.17554
-0.17554
-0.17554
-0.17554
-0.76275
-0.76275
-0.76275
-0.76275
-0.7061
-0.64946
-0.59282
-0.53618
-0.47954
-0.42289
-0.36625
-0.36625
-0.36625
-0.36625
-0.98834
-0.98834
-0.98834
-0.98834
-0.904
-0.81967
-0.73534
-0.651
-0.56667
-0.48234
-0.39801
-0.39801
-0.39801
-0.39801
-1.2139
-1.2139
-1.2139
-1.2139
-1.1019
-0.98988
-0.87785
-0.76583
-0.65381
-0.54178
-0.42976
-0.42976
-0.42976
-0.42976
-1.4395
-1.4395
-1.4395
-1.4395
-1.2998
-1.1601
-1.0204
-0.88066
-0.74094
-0.60123
-0.46152
-0.46152
-0.46152
-0.46152
-1.0947
-1.0947
-1.0947
-1.0947
-0.96163
-0.8286
-0.69557
-0.56253
-0.4295
-0.29647
-0.16344
-0.16344
-0.16344
-0.16344
-0.74981
-0.74981
-0.74981
-0.74981
-0.62346
-0.49711
-0.37076
-0.24441
-0.11806
0.0082885
0.13464
0.13464
0.13464
0.13464
-0.40495
-0.40495
-0.40495
-0.40495
-0.28529
-0.16562
-0.045952
0.073714
0.19338
0.31305
0.43271
0.43271
0.43271
0.43271
-0.36954
-0.36954
-0.36954
-0.36954
-0.26556
-0.16158
-0.057598
0.046384
0.15037
0.25435
0.35833
0.35833
0.35833
0.35833
-0.33413
-0.33413
-0.33413
-0.33413
-0.24583
-0.15754
-0.069243
0.019053
0.10735
0.19565
0.28394
0.28394
0.28394
0.28394
-0.29872
-0.29872
-0.29872
-0.29872
-0.22611
-0.1535
-0.080888
-0.0082776
0.064333
0.13694
0.20955
0.20955
0.20955
0.20955
-0.4094
-0.4094
-0.4094
-0.4094
-0.34816
-0.28691
-0.22567
-0.16443
-0.10318
-0.04194
0.019304
0.019304
0.019304
0.019304
-0.52008
-0.52008
-0.52008
-0.52008
-0.4702
-0.42033
-0.37045
-0.32058
-0.2707
-0.22082
-0.17095
-0.17095
-0.17095
-0.17095
-0.63076
-0.63076
-0.63076
-0.63076
-0.59225
-0.55374
-0.51523
-0.47672
-0.43822
-0.39971
-0.3612
-0.3612
-0.3612
-0.3612
-0.50292
-0.50292
-0.50292
-0.50292
-0.46278
-0.42264
-0.3825
-0.34236
-0.30222
-0.26208
-0.22194
-0.22194
-0.22194
-0.22194
-0.37508
-0.37508
-0.37508
-0.37508
-0.33331
-0.29153
-0.24976
-0.20799
-0.16622
-0.12445
-0.082674
-0.082674
-0.082674
-0.082674
-0.24724
-0.24724
-0.24724
-0.24724
-0.20383
-0.16043
-0.11703
-0.073623
-0.030219
0.013185
0.056588
0.056588
0.056588
0.056588
-0.10875
-0.10875
-0.10875
-0.10875
-0.068585
-0.028422
0.011742
0.051905
0.092068
0.13223
0.17239
0.17239
0.17239
0.17239
0.029744
0.029744
0.029744
0.029744
0.066666
0.10359
0.14051
0.17743
0.21435
0.25128
0.2882
0.2882
0.2882
0.2882
0.16823
0.16823
0.16823
0.16823
0.20192
0.2356
0.26928
0.30296
0.33664
0.37032
0.404
0.404
0.404
0.404
0.0031072
0.0031072
0.0031072
0.0031072
0.024393
0.045678
0.066963
0.088248
0.10953
0.13082
0.1521
0.1521
0.1521
0.1521
-0.16202
-0.16202
-0.16202
-0.16202
-0.15313
-0.14424
-0.13535
-0.12646
-0.11757
-0.10869
-0.099796
-0.099796
-0.099796
-0.099796
-0.32715
-0.32715
-0.32715
-0.32715
-0.33065
-0.33416
-0.33767
-0.34118
-0.34468
-0.34819
-0.3517
-0.3517
-0.3517
-0.3517
-0.36785
-0.36785
-0.36785
-0.36785
-0.36592
-0.36399
-0.36207
-0.36014
-0.35822
-0.35629
-0.35437
-0.35437
-0.35437
-0.35437
-0.40854
-0.40854
-0.40854
-0.40854
-0.40119
-0.39383
-0.38647
-0.37911
-0.37176
-0.3644
-0.35704
-0.35704
-0.35704
-0.35704
-0.44924
-0.44924
-0.44924
-0.44924
-0.43645
-0.42366
-0.41087
-0.39808
-0.38529
-0.3725
-0.35971
-0.35971
-0.35971
-0.35971
-0.29826
-0.29826
-0.29826
-0.29826
-0.27646
-0.25465
-0.23285
-0.21104
-0.18923
-0.16743
-0.14562
-0.14562
-0.14562
-0.14562
-0.14729
-0.14729
-0.14729
-0.14729
-0.11646
-0.085641
-0.054819
-0.023996
0.0068266
0.037649
0.068472
0.068472
0.068472
0.068472
0.0036913
0.0036913
0.0036913
0.0036913
0.04353
0.083369
0.12321
0.16305
0.20289
0.24272
0.28256
0.28256
0.28256
0.28256
0.010154
0.010154
0.010154
0.010154
0.039351
0.068549
0.097747
0.12694
0.15614
0.18534
0.21454
0.21454
0.21454
0.21454
0.016616
0.016616
0.016616
0.016616
0.035173
0.053729
0.072286
0.090842
0.1094
0.12795
0.14651
0.14651
0.14651
0.14651
0.023078
0.023078
0.023078
0.023078
0.030994
0.038909
0.046824
0.054739
0.062655
0.07057
0.078485
0.078485
0.078485
0.078485
-0.12801
-0.12801
-0.12801
-0.12801
-0.124
-0.11999
-0.11599
-0.11198
-0.10798
-0.10397
-0.099965
-0.099965
-0.099965
-0.099965
-0.27909
-0.27909
-0.27909
-0.27909
-0.27899
-0.2789
-0.2788
-0.2787
-0.27861
-0.27851
-0.27841
-0.27841
-0.27841
-0.27841
-0.43017
-0.43017
-0.43017
-0.43017
-0.43399
-0.4378
-0.44161
-0.44543
-0.44924
-0.45305
-0.45686
-0.45686
-0.45686
-0.45686
-0.40503
-0.40503
-0.40503
-0.40503
-0.39524
-0.38546
-0.37567
-0.36589
-0.35611
-0.34632
-0.33654
-0.33654
-0.33654
-0.33654
-0.37988
-0.37988
-0.37988
-0.37988
-0.3565
-0.33312
-0.30973
-0.28635
-0.26297
-0.23959
-0.21621
-0.21621
-0.21621
-0.21621
-0.35473
-0.35473
-0.35473
-0.35473
-0.31775
-0.28077
-0.24379
-0.20682
-0.16984
-0.13286
-0.095879
-0.095879
-0.095879
-0.095879
-0.14758
-0.14758
-0.14758
-0.14758
-0.11238
-0.077178
-0.041978
-0.0067782
0.028422
0.063621
0.098821
0.098821
0.098821
0.098821
0.059576
0.059576
0.059576
0.059576
0.092997
0.12642
0.15984
0.19326
0.22668
0.2601
0.29352
0.29352
0.29352
0.29352
0.26673
0.26673
0.26673
0.26673
0.29837
0.33001
0.36165
0.3933
0.42494
0.45658
0.48822
0.48822
0.48822
0.48822
0.19375
0.19375
0.19375
0.19375
0.21292
0.23209
0.25126
0.27043
0.2896
0.30877
0.32795
0.32795
0.32795
0.32795
0.12077
0.12077
0.12077
0.12077
0.12747
0.13417
0.14087
0.14757
0.15427
0.16097
0.16767
0.16767
0.16767
0.16767
0.047783
0.047783
0.047783
0.047783
0.042013
0.036243
0.030473
0.024704
0.018934
0.013164
0.0073947
0.0073947
0.0073947
0.0073947
-0.073102
-0.073102
-0.073102
-0.073102
-0.070638
-0.068173
-0.065708
-0.063244
-0.060779
-0.058315
-0.05585
-0.05585
-0.05585
-0.05585
-0.19399
-0.19399
-0.19399
-0.19399
-0.18329
-0.17259
-0.16189
-0.15119
-0.14049
-0.12979
-0.11909
-0.11909
-0.11909
-0.11909
-0.31487
-0.31487
-0.31487
-0.31487
-0.29594
-0.27701
-0.25807
-0.23914
-0.22021
-0.20127
-0.18234
-0.18234
-0.18234
-0.18234
-0.14866
-0.14866
-0.14866
-0.14866
-0.12359
-0.098515
-0.073444
-0.048373
-0.023302
0.0017685
0.026839
0.026839
0.026839
0.026839
0.017558
0.017558
0.017558
0.017558
0.048767
0.079975
0.11118
0.14239
0.1736
0.20481
0.23602
0.23602
0.23602
0.23602
0.18377
0.18377
0.18377
0.18377
0.22112
0.25847
0.29581
0.33316
0.3705
0.40785
0.4452
0.4452
0.4452
0.4452
0.09491
0.09491
0.09491
0.09491
0.12536
0.15582
0.18627
0.21673
0.24718
0.27763
0.30809
0.30809
0.30809
0.30809
0.006048
0.006048
0.006048
0.006048
0.029609
0.053171
0.076732
0.10029
0.12385
0.14742
0.17098
0.17098
0.17098
0.17098
-0.082814
-0.082814
-0.082814
-0.082814
-0.066146
-0.049477
-0.032808
-0.016139
0.00052973
0.017199
0.033867
0.033867
0.033867
0.033867
-0.29259
-0.29259
-0.29259
-0.29259
-0.27353
-0.25447
-0.23541
-0.21635
-0.19729
-0.17823
-0.15918
-0.15918
-0.15918
-0.15918
-0.50236
-0.50236
-0.50236
-0.50236
-0.48091
-0.45946
-0.43801
-0.41656
-0.39512
-0.37367
-0.35222
-0.35222
-0.35222
-0.35222
-0.71213
-0.71213
-0.71213
-0.71213
-0.68829
-0.66445
-0.64062
-0.61678
-0.59294
-0.5691
-0.54526
-0.54526
-0.54526
-0.54526
-0.70695
-0.70695
-0.70695
-0.70695
-0.67105
-0.63514
-0.59924
-0.56334
-0.52743
-0.49153
-0.45562
-0.45562
-0.45562
-0.45562
-0.70177
-0.70177
-0.70177
-0.70177
-0.6538
-0.60583
-0.55786
-0.50989
-0.46192
-0.41396
-0.36599
-0.36599
-0.36599
-0.36599
-0.69658
-0.69658
-0.69658
-0.69658
-0.63655
-0.57652
-0.51648
-0.45645
-0.39642
-0.33638
-0.27635
-0.27635
-0.27635
-0.27635
-0.48632
-0.48632
-0.48632
-0.48632
-0.43115
-0.37597
-0.3208
-0.26562
-0.21045
-0.15527
-0.1001
-0.1001
-0.1001
-0.1001
-0.27606
-0.27606
-0.27606
-0.27606
-0.22574
-0.17543
-0.12511
-0.074795
-0.024479
0.025837
0.076153
0.076153
0.076153
0.076153
-0.065799
-0.065799
-0.065799
-0.065799
-0.020342
0.025116
0.070574
0.11603
0.16149
0.20695
0.25241
0.25241
0.25241
0.25241
-0.098236
-0.098236
-0.098236
-0.098236
-0.069381
-0.040527
-0.011672
0.017183
0.046037
0.074892
0.10375
0.10375
0.10375
0.10375
-0.13067
-0.13067
-0.13067
-0.13067
-0.11842
-0.10617
-0.093918
-0.081667
-0.069415
-0.057164
-0.044912
-0.044912
-0.044912
-0.044912
-0.16311
-0.16311
-0.16311
-0.16311
-0.16746
-0.17181
-0.17616
-0.18052
-0.18487
-0.18922
-0.19357
-0.19357
-0.19357
-0.19357
-0.16311
-0.16311
-0.16311
-0.16311
-0.16746
-0.17181
-0.17616
-0.18052
-0.18487
-0.18922
-0.19357
-0.19357
-0.19357
-0.19357
