-0.73546
-0.73546
-0.73546
-0.73546
-0.68148
-0.6275
-0.57352
-0.51954
-0.46556
-0.41158
-0.3576
-0.3576
-0.3576
-0.3576
-0.73546
-0.73546
-0.73546
-0.73546
-0.68148
-0.6275
-0.57352
-0.51954
-0.46556
-0.41158
-0.3576
-0.3576
-0.3576
-0.3576
-0.45406
-0.45406
-0.45406
-0.45406
-0.41345
-0.37284
-0.33223
-0.29161
-0.251
-0.21039
-0.16978
-0.16978
-0.16978
-0.16978
-0.17267
-0.17267
-0.17267
-0.17267
-0.14542
-0.11818
-0.090934
-0.063689
-0.036443
-0.0091983
0.018047
0.018047
0.018047
0.018047
0.10873
0.10873
0.10873
0.10873
0.1226
0.13648
0.15036
0.16424
0.17812
0.19199
0.20587
0.20587
0.20587
0.20587
-0.18176
-0.18176
-0.18176
-0.18176
-0.15363
-0.1255
-0.097367
-0.069234
-0.041102
-0.012969
0.015163
0.015163
0.015163
0.015163
-0.47226
-0.47226
-0.47226
-0.47226
-0.42987
-0.38748
-0.34509
-0.30271
-0.26032
-0.21793
-0.17554
-0.17554
-0.17554
-0.17554
-0.76275
-0.76275
-0.76275
-0.76275
-0.7061
-0.64946
-0.59282
-0.53618
-0.47954
-0.42289
-0.36625
-0.36625
-0.36625
-0.36625
-0.98834
-0.98834
-0.98834
-0.98834
-0.904
-0.81967
-0.73534
-0.651
-0.56667
-0.48234
-0.39801
-0.39801
-0.39801
-0.39801
-1.2139
-1.2139
-1.2139
-1.2139
-1.1019
-0.98988
-0.87785
-0.76583
-0.65381
-0.54178
-0.42976
-0.42976
-0.42976
-0.42976
-1.4395
-1.4395
-1.4395
-1.4395
-1.2998
-1.1601
-1.0204
-0.88066
-0.74094
-0.60123
-0.46152
-0.46152
-0.46152
-0.46152
-1.0947
-1.0947
-1.0947
-1.0947
-0.96163
-0.8286
-0.69557
-0.56253
-0.4295
-0.29647
-0.16344
-0.16344
-0.16344
-0.16344
-0.74981
-0.74981
-0.74981
-0.74981
-0.62346
-0.49711
-0.37076
-0.24441
-0.11806
0.0082885
0.13464
0.13464
0.13464
0.13464
-0.40495
-0.40495
-0.40495
-0.40495
-0.28529
-0.16562
-0.045952
0.073714
0.19338
0.31305
0.43271
0.43271
0.43271
0.43271
-0.36954
-0.36954
-0.36954
-0.36954
-0.26556
-0.16158
-0.057598
0.046384
0.15037
0.25435
0.35833
0.35833
0.35833
0.35833
-0.33413
-0.33413
-0.33413
-0.33413
-0.24583
-0.15754
-0.069243
0.019053
0.10735
0.19565
0.28394
0.28394
0.28394
0.28394
-0.29872
-0.29872
-0.29872
-0.29872
-0.22611
-0.1535
-0.080888
-0.0082776
0.064333
0.13694
0.20955
0.20955
0.20955
0.20955
-0.4094
-0.4094
-0.4094
-0.4094
-0.34816
-0.28691
-0.22567
-0.16443
-0.10318
-0.04194
0.019304
0.019304
0.019304
0.019304
-0.52008
-0.52008
-0.52008
-0.52008
-0.4702
-0.42033
-0.37045
-0.32058
-0.2707
-0.22082
-0.17095
-0.17095
-0.17095
-0.17095
-0.63076
-0.63076
-0.63076
-0.63076
-0.59225
-0.55374
-0.51523
-0.47672
-0.43822
-0.39971
-0.3612
-0.3612
-0.3612
-0.3612
-0.50292
-0.50292
-0.50292
-0.50292
-0.46278
-0.42264
-0.3825
-0.34236
-0.30222
-0.26208
-0.22194
-0.22194
-0.22194
-0.22194
-0.37508
-0.37508
-0.37508
-0.37508
-0.33331
-0.29153
-0.24976
-0.20799
-0.16622
-0.12445
-0.082674
-0.082674
-0.082674
-0.082674
-0.24724
-0.24724
-0.24724
-0.24724
-0.20383
-0.16043
-0.11703
-0.073623
-0.030219
0.013185
0.056588
0.056588
0.056588
0.056588
-0.10875
-0.10875
-0.10875
-0.10875
-0.068585
-0.028422
0.011742
0.051905
0.092068
0.13223
0.17239
0.17239
0.17239
0.17239
0.029744
0.029744
0.029744
0.029744
0.066666
0.10359
0.14051
0.17743
0.21435
0.25128
0.2882
0.2882
0.2882
0.2882
0.16823
0.16823
0.16823
0.16823
0.20192
0.2356
0.26928
0.30296
0.33664
0.37032
0.404
0.404
0.404
0.404
0.0031072
0.0031072
0.0031072
0.0031072
0.024393
0.045678
0.066963
0.088248
0.10953
0.13082
0.1521
0.1521
0.1521
0.1521
-0.16202
-0.16202
-0.16202
-0.16202
-0.15313
-0.14424
-0.13535
-0.12646
-0.11757
-0.10869
-0.099796
-0.099796
-0.099796
-0.099796
-0.32715
-0.32715
-0.32715
-0.32715
-0.33065
-0.33416
-0.33767
-0.34118
-0.34468
-0.34819
-0.3517
-0.3517
-0.3517
-0.3517
-0.36785
-0.36785
-0.36785
-0.36785
-0.36592
-0.36399
-0.36207
-0.36014
-0.35822
-0.35629
-0.35437
-0.35437
-0.35437
-0.35437
-0.40854
-0.40854
-0.40854
-0.40854
-0.40119
-0.39383
-0.38647
-0.37911
-0.37176
-0.3644
-0.35704
-0.35704
-0.35704
-0.35704
-0.44924
-0.44924
-0.44924
-0.44924
-0.43645
-0.42366
-0.41087
-0.39808
-0.38529
-0.3725
-0.35971
-0.35971
-0.35971
-0.35971
-0.29826
-0.29826
-0.29826
-0.29826
-0.27646
-0.25465
-0.23285
-0.21104
-0.18923
-0.16743
-0.14562
-0.14562
-0.14562
-0.14562
-0.14729
-0.14729
-0.14729
-0.14729
-0.11646
-0.085641
-0.054819
-0.023996
0.0068266
0.037649
0.068472
0.068472
0.068472
0.068472
0.0036913
0.0036913
0.0036913
0.0036913
0.04353
0.083369
0.12321
0.16305
0.20289
0.24272
0.28256
0.28256
0.28256
0.28256
0.010154
0.010154
0.010154
0.010154
0.039351
0.068549
0.097747
0.12694
0.15614
0.18534
0.21454
0.21454
0.21454
0.21454
0.016616
0.016616
0.016616
0.016616
0.035173
0.053729
0.072286
0.090842
0.1094
0.12795
0.14651
0.14651
0.14651
0.14651
0.023078
0.023078
0.023078
0.023078
0.030994
0.038909
0.046824
0.054739
0.062655
0.07057
0.078485
0.078485
0.078485
0.078485
-0.12801
-0.12801
-0.12801
-0.12801
-0.124
-0.11999
-0.11599
-0.11198
-0.10798
-0.10397
-0.099965
-0.099965
-0.099965
-0.099965
-0.27909
-0.27909
-0.27909
-0.27909
-0.27899
-0.2789
-0.2788
-0.2787
-0.27861
-0.27851
-0.27841
-0.27841
-0.27841
-0.27841
-0.43017
-0.43017
-0.43017
-0.43017
-0.43399
-0.4378
-0.44161
-0.44543
-0.44924
-0.45305
-0.45686
-0.45686
-0.45686
-0.45686
-0.40503
-0.40503
-0.40503
-0.40503
-0.39524
-0.38546
-0.37567
-0.36589
-0.35611
-0.34632
-0.33654
-0.33654
-0.33654
-0.33654
-0.37988
-0.37988
-0.37988
-0.37988
-0.3565
-0.33312
-0.30973
-0.28635
-0.26297
-0.23959
-0.21621
-0.21621
-0.21621
-0.21621
-0.35473
-0.35473
-0.35473
-0.35473
-0.31775
-0.28077
-0.24379
-0.20682
-0.16984
-0.13286
-0.095879
-0.095879
-0.095879
-0.095879
-0.14758
-0.14758
-0.14758
-0.14758
-0.11238
-0.077178
-0.041978
-0.0067782
0.028422
0.063621
0.098821
0.098821
0.098821
0.098821
0.059576
0.059576
0.059576
0.059576
0.092997
0.12642
0.15984
0.19326
0.22668
0.2601
0.29352
0.29352
0.29352
0.29352
0.26673
0.26673
0.26673
0.26673
0.29837
0.33001
0.36165
0.3933
0.42494
0.45658
0.48822
0.48822
0.48822
0.48822
0.19375
0.19375
0.19375
0.19375
0.21292
0.23209
0.25126
0.27043
0.2896
0.30877
0.32795
0.32795
0.32795
0.32795
0.12077
0.12077
0.12077
0.12077
0.12747
0.13417
0.14087
0.14757
0.15427
0.16097
0.16767
0.16767
0.16767
0.16767
0.047783
0.047783
0.047783
0.047783
0.042013
0.036243
0.030473
0.024704
0.018934
0.013164
0.0073947
0.0073947
0.0073947
0.0073947
-0.073102
-0.073102
-0.073102
-0.073102
-0.070638
-0.068173
-0.065708
-0.063244
-0.060779
-0.058315
-0.05585
-0.05585
-0.05585
-0.05585
-0.19399
-0.19399
-0.19399
-0.19399
-0.18329
-0.17259
-0.16189
-0.15119
-0.14049
-0.12979
-0.11909
-0.11909
-0.11909
-0.11909
-0.31487
-0.31487
-0.31487
-0.31487
-0.29594
-0.27701
-0.25807
-0.23914
-0.22021
-0.20127
-0.18234
-0.18234
-0.18234
-0.18234
-0.14866
-0.14866
-0.14866
-0.14866
-0.12359
-0.098515
-0.073444
-0.048373
-0.023302
0.0017685
0.026839
0.026839
0.026839
0.026839
0.017558
0.017558
0.017558
0.017558
0.048767
0.079975
0.11118
0.14239
0.1736
0.20481
0.23602
0.23602
0.23602
0.23602
0.18377
0.18377
0.18377
0.18377
0.22112
0.25847
0.29581
0.33316
0.3705
0.40785
0.4452
0.4452
0.4452
0.4452
0.09491
0.09491
0.09491
0.09491
0.12536
0.15582
0.18627
0.21673
0.24718
0.27763
0.30809
0.30809
0.30809
0.30809
0.006048
0.006048
0.006048
0.006048
0.029609
0.053171
0.076732
0.10029
0.12385
0.14742
0.17098
0.17098
0.17098
0.17098
-0.082814
-0.082814
-0.082814
-0.082814
-0.066146
-0.049477
-0.032808
-0.016139
0.00052973
0.017199
0.033867
0.033867
0.033867
0.033867
-0.29259
-0.29259
-0.29259
-0.29259
-0.27353
-0.25447
-0.23541
-0.21635
-0.19729
-0.17823
-0.15918
-0.15918
-0.15918
-0.15918
-0.50236
-0.50236
-0.50236
-0.50236
-0.48091
-0.45946
-0.43801
-0.41656
-0.39512
-0.37367
-0.35222
-0.35222
-0.35222
-0.35222
-0.71213
-0.71213
-0.71213
-0.71213
-0.68829
-0.66445
-0.64062
-0.61678
-0.59294
-0.5691
-0.54526
-0.54526
-0.54526
-0.54526
-0.70695
-0.70695
-0.70695
-0.70695
-0.67105
-0.63514
-0.59924
-0.56334
-0.52743
-0.49153
-0.45562
-0.45562
-0.45562
-0.45562
-0.70177
-0.70177
-0.70177
-0.70177
-0.6538
-0.60583
-0.55786
-0.50989
-0.46192
-0.41396
-0.36599
-0.36599
-0.36599
-0.36599
-0.69658
-0.69658
-0.69658
-0.69658
-0.63655
-0.57652
-0.51648
-0.45645
-0.39642
-0.33638
-0.27635
-0.27635
-0.27635
-0.27635
-0.48632
-0.48632
-0.48632
-0.48632
-0.43115
-0.37597
-0.3208
-0.26562
-0.21045
-0.15527
-0.1001
-0.1001
-0.1001
-0.1001
-0.27606
-0.27606
-0.27606
-0.27606
-0.22574
-0.17543
-0.12511
-0.074795
-0.024479
0.025837
0.076153
0.076153
0.076153
0.076153
-0.065799
-0.065799
-0.065799
-0.065799
-0.020342
0.025116
0.070574
0.11603
0.16149
0.20695
0.25241
0.25241
0.25241
0.25241
-0.098236
-0.098236
-0.098236
-0.098236
-0.069381
-0.040527
-0.011672
0.017183
0.046037
0.074892
0.10375
0.10375
0.10375
0.10375
-0.13067
-0.13067
-0.13067
-0.13067
-0.11842
-0.10617
-0.093918
-0.081667
-0.069415
-0.057164
-0.044912
-0.044912
-0.044912
-0.044912
-0.16311
-0.16311
-0.16311
-0.16311
-0.16746
-0.17181
-0.17616
-0.18052
-0.18487
-0.18922
-0.19357
-0.19357
-0.19357
-0.19357
-0.16311
-0.16311
-0.16311
-0.16311
-0.16746
-0.17181
-0.17616
-0.18052
-0.18487
-0.18922
-0.19357
-0.19357
-0.19357
-0.19357
-0.056702
-0.056702
-0.056702
-0.056702
-0.064401
-0.072101
-0.0798
-0.0875
-0.095199
-0.1029
-0.1106
-0.1106
-0.1106
-0.1106
-0.056702
-0.056702
-0.056702
-0.056702
-0.064401
-0.072101
-0.0798
-0.0875
-0.095199
-0.1029
-0.1106
-0.1106
-0.1106
-0.1106
-0.033329
-0.033329
-0.033329
-0.033329
-0.03402
-0.034711
-0.035403
-0.036094
-0.036786
-0.037477
-0.038169
-0.038169
-0.038169
-0.038169
-0.0099555
-0.0099555
-0.0099555
-0.0099555
-0.0036388
0.0026778
0.0089944
0.015311
0.021628
0.027944
0.034261
0.034261
0.034261
0.034261
0.013418
0.013418
0.013418
0.013418
0.026742
0.040067
0.053392
0.066716
0.080041
0.093366
0.10669
0.10669
0.10669
0.10669
0.03385
0.03385
0.03385
0.03385
0.054122
0.074394
0.094666
0.11494
0.13521
0.15548
0.17575
0.17575
0.17575
0.17575
0.054282
0.054282
0.054282
0.054282
0.081501
0.10872
0.13594
0.16316
0.19038
0.2176
0.24482
0.24482
0.24482
0.24482
0.074714
0.074714
0.074714
0.074714
0.10888
0.14305
0.17722
0.21138
0.24555
0.27972
0.31388
0.31388
0.31388
0.31388
-0.016933
-0.016933
-0.016933
-0.016933
0.026265
0.069462
0.11266
0.15586
0.19905
0.24225
0.28545
0.28545
0.28545
0.28545
-0.10858
-0.10858
-0.10858
-0.10858
-0.056352
-0.0041244
0.048103
0.10033
0.15256
0.20479
0.25701
0.25701
0.25701
0.25701
-0.20023
-0.20023
-0.20023
-0.20023
-0.13897
-0.077711
-0.016453
0.044805
0.10606
0.16732
0.22858
0.22858
0.22858
0.22858
-0.21223
-0.21223
-0.21223
-0.21223
-0.16041
-0.10859
-0.05677
-0.0049516
0.046867
0.098685
0.1505
0.1505
0.1505
0.1505
-0.22422
-0.22422
-0.22422
-0.22422
-0.18185
-0.13947
-0.097087
-0.054708
-0.012329
0.03005
0.07243
0.07243
0.07243
0.07243
-0.23622
-0.23622
-0.23622
-0.23622
-0.20328
-0.17034
-0.1374
-0.10446
-0.071524
-0.038584
-0.0056445
-0.0056445
-0.0056445
-0.0056445
-0.17009
-0.17009
-0.17009
-0.17009
-0.15059
-0.13108
-0.11158
-0.092076
-0.072572
-0.053068
-0.033565
-0.033565
-0.033565
-0.033565
-0.10396
-0.10396
-0.10396
-0.10396
-0.09789
-0.091822
-0.085755
-0.079687
-0.07362
-0.067552
-0.061485
-0.061485
-0.061485
-0.061485
-0.037824
-0.037824
-0.037824
-0.037824
-0.045193
-0.052562
-0.05993
-0.067299
-0.074668
-0.082036
-0.089405
-0.089405
-0.089405
-0.089405
0.0077958
0.0077958
0.0077958
0.0077958
-0.0061342
-0.020064
-0.033994
-0.047924
-0.061854
-0.075784
-0.089715
-0.089715
-0.089715
-0.089715
0.053416
0.053416
0.053416
0.053416
0.032925
0.012433
-0.0080583
-0.02855
-0.049041
-0.069533
-0.090024
-0.090024
-0.090024
-0.090024
0.099036
0.099036
0.099036
0.099036
0.071983
0.044931
0.017878
-0.009175
-0.036228
-0.063281
-0.090333
-0.090333
-0.090333
-0.090333
0.10174
0.10174
0.10174
0.10174
0.081427
0.061116
0.040806
0.020495
0.00018514
-0.020125
-0.040436
-0.040436
-0.040436
-0.040436
0.10444
0.10444
0.10444
0.10444
0.09087
0.077302
0.063734
0.050166
0.036598
0.02303
0.0094623
0.0094623
0.0094623
0.0094623
0.10714
0.10714
0.10714
0.10714
0.10031
0.093488
0.086662
0.079837
0.073011
0.066186
0.05936
0.05936
0.05936
0.05936
0.092823
0.092823
0.092823
0.092823
0.092929
0.093035
0.093141
0.093247
0.093353
0.093459
0.093565
0.093565
0.093565
0.093565
0.078508
0.078508
0.078508
0.078508
0.085545
0.092583
0.099621
0.10666
0.1137
0.12073
0.12777
0.12777
0.12777
0.12777
0.064193
0.064193
0.064193
0.064193
0.078162
0.092131
0.1061
0.12007
0.13404
0.14801
0.16198
0.16198
0.16198
0.16198
0.072838
0.072838
0.072838
0.072838
0.081124
0.089411
0.097697
0.10598
0.11427
0.12256
0.13084
0.13084
0.13084
0.13084
0.081483
0.081483
0.081483
0.081483
0.084087
0.086691
0.089295
0.091898
0.094502
0.097106
0.09971
0.09971
0.09971
0.09971
0.090129
0.090129
0.090129
0.090129
0.08705
0.083971
0.080892
0.077813
0.074734
0.071655
0.068576
0.068576
0.068576
0.068576
0.073959
0.073959
0.073959
0.073959
0.068947
0.063936
0.058924
0.053912
0.0489
0.043889
0.038877
0.038877
0.038877
0.038877
0.05779
0.05779
0.05779
0.05779
0.050845
0.043901
0.036956
0.030011
0.023067
0.016122
0.0091774
0.0091774
0.0091774
0.0091774
0.04162
0.04162
0.04162
0.04162
0.032743
0.023865
0.014988
0.0061104
-0.0027671
-0.011645
-0.020522
-0.020522
-0.020522
-0.020522
0.042866
0.042866
0.042866
0.042866
0.043099
0.043332
0.043564
0.043797
0.04403
0.044262
0.044495
0.044495
0.044495
0.044495
0.044112
0.044112
0.044112
0.044112
0.053455
0.062798
0.072141
0.081484
0.090826
0.10017
0.10951
0.10951
0.10951
0.10951
0.045359
0.045359
0.045359
0.045359
0.063811
0.082264
0.10072
0.11917
0.13762
0.15608
0.17453
0.17453
0.17453
0.17453
0.055027
0.055027
0.055027
0.055027
0.071429
0.087831
0.10423
0.12064
0.13704
0.15344
0.16984
0.16984
0.16984
0.16984
0.064696
0.064696
0.064696
0.064696
0.079047
0.093398
0.10775
0.1221
0.13645
0.1508
0.16515
0.16515
0.16515
0.16515
0.074365
0.074365
0.074365
0.074365
0.086665
0.098965
0.11126
0.12356
0.13586
0.14816
0.16046
0.16046
0.16046
0.16046
0.075815
0.075815
0.075815
0.075815
0.078329
0.080844
0.083358
0.085873
0.088388
0.090902
0.093417
0.093417
0.093417
0.093417
0.077264
0.077264
0.077264
0.077264
0.069993
0.062723
0.055452
0.048181
0.040911
0.03364
0.026369
0.026369
0.026369
0.026369
0.078713
0.078713
0.078713
0.078713
0.061657
0.044601
0.027545
0.010489
-0.0065667
-0.023623
-0.040679
-0.040679
-0.040679
-0.040679
0.059867
0.059867
0.059867
0.059867
0.050481
0.041095
0.031709
0.022323
0.012937
0.0035516
-0.0058343
-0.0058343
-0.0058343
-0.0058343
0.04102
0.04102
0.04102
0.04102
0.039305
0.037589
0.035873
0.034157
0.032442
0.030726
0.02901
0.02901
0.02901
0.02901
0.022174
0.022174
0.022174
0.022174
0.028128
0.034083
0.040037
0.045991
0.051946
0.0579
0.063855
0.063855
0.063855
0.063855
-0.077412
-0.077412
-0.077412
-0.077412
-0.055642
-0.033872
-0.012103
0.0096671
0.031437
0.053207
0.074976
0.074976
0.074976
0.074976
-0.177
-0.177
-0.177
-0.177
-0.13941
-0.10183
-0.064242
-0.026657
0.010928
0.048513
0.086098
0.086098
0.086098
0.086098
-0.27658
-0.27658
-0.27658
-0.27658
-0.22318
-0.16978
-0.11638
-0.062982
-0.0095811
0.043819
0.09722
0.09722
0.09722
0.09722
-0.28226
-0.28226
-0.28226
-0.28226
-0.24141
-0.20056
-0.15971
-0.11885
-0.078002
-0.037151
0.0037008
0.0037008
0.0037008
0.0037008
-0.28794
-0.28794
-0.28794
-0.28794
-0.25963
-0.23133
-0.20303
-0.17473
-0.14642
-0.11812
-0.089818
-0.089818
-0.089818
-0.089818
-0.29361
-0.29361
-0.29361
-0.29361
-0.27786
-0.2621
-0.24635
-0.2306
-0.21484
-0.19909
-0.18334
-0.18334
-0.18334
-0.18334
-0.29459
-0.29459
-0.29459
-0.29459
-0.2812
-0.26781
-0.25441
-0.24102
-0.22763
-0.21424
-0.20085
-0.20085
-0.20085
-0.20085
-0.29556
-0.29556
-0.29556
-0.29556
-0.28453
-0.27351
-0.26248
-0.25145
-0.24042
-0.22939
-0.21836
-0.21836
-0.21836
-0.21836
-0.29654
-0.29654
-0.29654
-0.29654
-0.28787
-0.27921
-0.27054
-0.26188
-0.25321
-0.24454
-0.23588
-0.23588
-0.23588
-0.23588
-0.18772
-0.18772
-0.18772
-0.18772
-0.17896
-0.1702
-0.16144
-0.15268
-0.14391
-0.13515
-0.12639
-0.12639
-0.12639
-0.12639
-0.078897
-0.078897
-0.078897
-0.078897
-0.070042
-0.061186
-0.052331
-0.043476
-0.03462
-0.025765
-0.016909
-0.016909
-0.016909
-0.016909
0.029923
0.029923
0.029923
0.029923
0.038874
0.047824
0.056774
0.065724
0.074675
0.083625
0.092575
0.092575
0.092575
0.092575
0.055304
0.055304
0.055304
0.055304
0.055708
0.056112
0.056516
0.05692
0.057324
0.057727
0.058131
0.058131
0.058131
0.058131
0.080685
0.080685
0.080685
0.080685
0.072542
0.0644
0.056257
0.048115
0.039973
0.03183
0.023688
0.023688
0.023688
0.023688
0.10607
0.10607
0.10607
0.10607
0.089377
0.072688
0.055999
0.03931
0.022622
0.0059327
-0.010756
-0.010756
-0.010756
-0.010756
0.13199
0.13199
0.13199
0.13199
0.10882
0.085647
0.062474
0.039301
0.016128
-0.007045
-0.030218
-0.030218
-0.030218
-0.030218
0.15792
0.15792
0.15792
0.15792
0.12826
0.098605
0.068948
0.039291
0.0096343
-0.020023
-0.04968
-0.04968
-0.04968
-0.04968
0.18385
0.18385
0.18385
0.18385
0.14771
0.11156
0.075423
0.039282
0.0031407
-0.033
-0.069142
-0.069142
-0.069142
-0.069142
0.14932
0.14932
0.14932
0.14932
0.12105
0.092782
0.064516
0.036249
0.0079824
-0.020284
-0.048551
-0.048551
-0.048551
-0.048551
0.11478
0.11478
0.11478
0.11478
0.094393
0.074001
0.053608
0.033216
0.012824
-0.0075681
-0.02796
-0.02796
-0.02796
-0.02796
0.080254
0.080254
0.080254
0.080254
0.067736
0.055219
0.042701
0.030183
0.017666
0.0051481
-0.0073695
-0.0073695
-0.0073695
-0.0073695
0.01907
0.01907
0.01907
0.01907
0.018455
0.017839
0.017224
0.016608
0.015993
0.015377
0.014762
0.014762
0.014762
0.014762
-0.042114
-0.042114
-0.042114
-0.042114
-0.030827
-0.019541
-0.0082539
0.0030328
0.014319
0.025606
0.036893
0.036893
0.036893
0.036893
-0.1033
-0.1033
-0.1033
-0.1033
-0.080109
-0.05692
-0.033731
-0.010543
0.012646
0.035835
0.059024
0.059024
0.059024
0.059024
0.028664
0.028664
0.028664
0.028664
0.037403
0.046142
0.054881
0.06362
0.07236
0.081099
0.089838
0.089838
0.089838
0.089838
0.16063
0.16063
0.16063
0.16063
0.15492
0.1492
0.14349
0.13778
0.13207
0.12636
0.12065
0.12065
0.12065
0.12065
0.29259
0.29259
0.29259
0.29259
0.27243
0.25227
0.23211
0.21195
0.19179
0.17163
0.15147
0.15147
0.15147
0.15147
0.29259
0.29259
0.29259
0.29259
0.27243
0.25227
0.23211
0.21195
0.19179
0.17163
0.15147
0.15147
0.15147
0.15147
-0.019386
-0.019386
-0.019386
-0.019386
-0.029193
-0.039
-0.048807
-0.058614
-0.068421
-0.078227
-0.088034
-0.088034
-0.088034
-0.088034
-0.019386
-0.019386
-0.019386
-0.019386
-0.029193
-0.039
-0.048807
-0.058614
-0.068421
-0.078227
-0.088034
-0.088034
-0.088034
-0.088034
-0.0088205
-0.0088205
-0.0088205
-0.0088205
-0.020217
-0.031614
-0.043011
-0.054408
-0.065804
-0.077201
-0.088598
-0.088598
-0.088598
-0.088598
0.0017456
0.0017456
0.0017456
0.0017456
-0.011241
-0.024228
-0.037215
-0.050202
-0.063188
-0.076175
-0.089162
-0.089162
-0.089162
-0.089162
0.012312
0.012312
0.012312
0.012312
-0.0022652
-0.016842
-0.031419
-0.045995
-0.060572
-0.075149
-0.089726
-0.089726
-0.089726
-0.089726
-0.041567
-0.041567
-0.041567
-0.041567
-0.068873
-0.096178
-0.12348
-0.15079
-0.17809
-0.2054
-0.23271
-0.23271
-0.23271
-0.23271
-0.095446
-0.095446
-0.095446
-0.095446
-0.13548
-0.17551
-0.21555
-0.25558
-0.29562
-0.33565
-0.37569
-0.37569
-0.37569
-0.37569
-0.14932
-0.14932
-0.14932
-0.14932
-0.20209
-0.25485
-0.30761
-0.36038
-0.41314
-0.4659
-0.51867
-0.51867
-0.51867
-0.51867
-0.080197
-0.080197
-0.080197
-0.080197
-0.12889
-0.17759
-0.22629
-0.27498
-0.32368
-0.37238
-0.42107
-0.42107
-0.42107
-0.42107
-0.011069
-0.011069
-0.011069
-0.011069
-0.0557
-0.10033
-0.14496
-0.18959
-0.23422
-0.27885
-0.32348
-0.32348
-0.32348
-0.32348
0.058059
0.058059
0.058059
0.058059
0.017494
-0.02307
-0.063635
-0.1042
-0.14476
-0.18533
-0.22589
-0.22589
-0.22589
-0.22589
0.12719
0.12719
0.12719
0.12719
0.10047
0.07374
0.047015
0.020289
-0.0064365
-0.033162
-0.059888
-0.059888
-0.059888
-0.059888
0.19632
0.19632
0.19632
0.19632
0.18344
0.17055
0.15766
0.14478
0.13189
0.119
0.10612
0.10612
0.10612
0.10612
0.26546
0.26546
0.26546
0.26546
0.26641
0.26736
0.26831
0.26927
0.27022
0.27117
0.27212
0.27212
0.27212
0.27212
0.26057
0.26057
0.26057
0.26057
0.26115
0.26173
0.26231
0.26289
0.26347
0.26405
0.26463
0.26463
0.26463
0.26463
0.25568
0.25568
0.25568
0.25568
0.25589
0.2561
0.25631
0.25652
0.25673
0.25693
0.25714
0.25714
0.25714
0.25714
0.2508
0.2508
0.2508
0.2508
0.25063
0.25047
0.25031
0.25014
0.24998
0.24982
0.24965
0.24965
0.24965
0.24965
0.24475
0.24475
0.24475
0.24475
0.24358
0.24241
0.24125
0.24008
0.23892
0.23775
0.23659
0.23659
0.23659
0.23659
0.23869
0.23869
0.23869
0.23869
0.23653
0.23436
0.23219
0.23002
0.22786
0.22569
0.22352
0.22352
0.22352
0.22352
0.23264
0.23264
0.23264
0.23264
0.22947
0.2263
0.22313
0.21996
0.21679
0.21362
0.21045
0.21045
0.21045
0.21045
0.23085
0.23085
0.23085
0.23085
0.2269
0.22295
0.21901
0.21506
0.21112
0.20717
0.20323
0.20323
0.20323
0.20323
0.22905
0.22905
0.22905
0.22905
0.22433
0.21961
0.21489
0.21016
0.20544
0.20072
0.196
0.196
0.196
0.196
0.22725
0.22725
0.22725
0.22725
0.22175
0.21626
0.21076
0.20527
0.19977
0.19427
0.18878
0.18878
0.18878
0.18878
0.18345
0.18345
0.18345
0.18345
0.17827
0.17308
0.1679
0.16272
0.15753
0.15235
0.14717
0.14717
0.14717
0.14717
0.13965
0.13965
0.13965
0.13965
0.13478
0.12991
0.12504
0.12017
0.1153
0.11043
0.10556
0.10556
0.10556
0.10556
0.095849
0.095849
0.095849
0.095849
0.091293
0.086736
0.08218
0.077623
0.073067
0.06851
0.063954
0.063954
0.063954
0.063954
0.020088
0.020088
0.020088
0.020088
0.015331
0.010575
0.0058181
0.0010614
-0.0036953
-0.0084519
-0.013209
-0.013209
-0.013209
-0.013209
-0.055673
-0.055673
-0.055673
-0.055673
-0.06063
-0.065587
-0.070544
-0.075501
-0.080457
-0.085414
-0.090371
-0.090371
-0.090371
-0.090371
-0.13143
-0.13143
-0.13143
-0.13143
-0.13659
-0.14175
-0.14691
-0.15206
-0.15722
-0.16238
-0.16753
-0.16753
-0.16753
-0.16753
-0.13113
-0.13113
-0.13113
-0.13113
-0.13639
-0.14165
-0.14691
-0.15217
-0.15743
-0.16268
-0.16794
-0.16794
-0.16794
-0.16794
-0.13083
-0.13083
-0.13083
-0.13083
-0.13619
-0.14155
-0.14691
-0.15227
-0.15763
-0.16299
-0.16835
-0.16835
-0.16835
-0.16835
-0.13052
-0.13052
-0.13052
-0.13052
-0.13599
-0.14145
-0.14691
-0.15237
-0.15784
-0.1633
-0.16876
-0.16876
-0.16876
-0.16876
-0.067952
-0.067952
-0.067952
-0.067952
-0.069223
-0.070494
-0.071765
-0.073036
-0.074307
-0.075578
-0.076849
-0.076849
-0.076849
-0.076849
-0.0053799
-0.0053799
-0.0053799
-0.0053799
-0.0024595
0.00046087
0.0033812
0.0063016
0.009222
0.012142
0.015063
0.015063
0.015063
0.015063
0.057192
0.057192
0.057192
0.057192
0.064304
0.071416
0.078528
0.08564
0.092751
0.099863
0.10697
0.10697
0.10697
0.10697
-0.001864
-0.001864
-0.001864
-0.001864
0.0020161
0.0058962
0.0097763
0.013656
0.017536
0.021417
0.025297
0.025297
0.025297
0.025297
-0.06092
-0.06092
-0.06092
-0.06092
-0.060272
-0.059624
-0.058975
-0.058327
-0.057678
-0.05703
-0.056382
-0.056382
-0.056382
-0.056382
-0.11998
-0.11998
-0.11998
-0.11998
-0.12256
-0.12514
-0.12773
-0.13031
-0.13289
-0.13548
-0.13806
-0.13806
-0.13806
-0.13806
-0.15539
-0.15539
-0.15539
-0.15539
-0.16167
-0.16795
-0.17424
-0.18052
-0.1868
-0.19308
-0.19936
-0.19936
-0.19936
-0.19936
-0.19081
-0.19081
-0.19081
-0.19081
-0.20079
-0.21077
-0.22075
-0.23072
-0.2407
-0.25068
-0.26066
-0.26066
-0.26066
-0.26066
-0.22623
-0.22623
-0.22623
-0.22623
-0.2399
-0.25358
-0.26725
-0.28093
-0.29461
-0.30828
-0.32196
-0.32196
-0.32196
-0.32196
-0.13603
-0.13603
-0.13603
-0.13603
-0.14381
-0.1516
-0.15939
-0.16717
-0.17496
-0.18275
-0.19053
-0.19053
-0.19053
-0.19053
-0.045828
-0.045828
-0.045828
-0.045828
-0.047726
-0.049623
-0.05152
-0.053417
-0.055314
-0.057211
-0.059108
-0.059108
-0.059108
-0.059108
0.04437
0.04437
0.04437
0.04437
0.048363
0.052355
0.056347
0.06034
0.064332
0.068325
0.072317
0.072317
0.072317
0.072317
0.056314
0.056314
0.056314
0.056314
0.06285
0.069385
0.075921
0.082456
0.088992
0.095527
0.10206
0.10206
0.10206
0.10206
0.068258
0.068258
0.068258
0.068258
0.077337
0.086415
0.095494
0.10457
0.11365
0.12273
0.13181
0.13181
0.13181
0.13181
0.080202
0.080202
0.080202
0.080202
0.091824
0.10345
0.11507
0.12669
0.13831
0.14993
0.16155
0.16155
0.16155
0.16155
0.0089879
0.0089879
0.0089879
0.0089879
0.024282
0.039575
0.054869
0.070163
0.085456
0.10075
0.11604
0.11604
0.11604
0.11604
-0.062226
-0.062226
-0.062226
-0.062226
-0.043261
-0.024295
-0.0053294
0.013636
0.032602
0.051568
0.070533
0.070533
0.070533
0.070533
-0.13344
-0.13344
-0.13344
-0.13344
-0.1108
-0.088165
-0.065528
-0.04289
-0.020252
0.0023854
0.025023
0.025023
0.025023
0.025023
-0.10052
-0.10052
-0.10052
-0.10052
-0.073374
-0.046231
-0.019088
0.0080557
0.035199
0.062342
0.089485
0.089485
0.089485
0.089485
-0.067593
-0.067593
-0.067593
-0.067593
-0.035945
-0.004296
0.027353
0.059001
0.09065
0.1223
0.15395
0.15395
0.15395
0.15395
-0.034669
-0.034669
-0.034669
-0.034669
0.0014847
0.037639
0.073793
0.10995
0.1461
0.18226
0.21841
0.21841
0.21841
0.21841
-0.015946
-0.015946
-0.015946
-0.015946
0.010094
0.036134
0.062174
0.088214
0.11425
0.14029
0.16633
0.16633
0.16633
0.16633
0.0027769
0.0027769
0.0027769
0.0027769
0.018703
0.034629
0.050555
0.066481
0.082407
0.098333
0.11426
0.11426
0.11426
0.11426
0.0215
0.0215
0.0215
0.0215
0.027312
0.033124
0.038936
0.044748
0.05056
0.056372
0.062184
0.062184
0.062184
0.062184
0.042806
0.042806
0.042806
0.042806
0.035732
0.028659
0.021585
0.014511
0.007437
0.0003631
-0.0067108
-0.0067108
-0.0067108
-0.0067108
0.064112
0.064112
0.064112
0.064112
0.044153
0.024193
0.0042333
-0.015726
-0.035686
-0.055646
-0.075605
-0.075605
-0.075605
-0.075605
0.085419
0.085419
0.085419
0.085419
0.052573
0.019727
-0.013118
-0.045964
-0.078809
-0.11165
-0.1445
-0.1445
-0.1445
-0.1445
0.077626
0.077626
0.077626
0.077626
0.040887
0.0041477
-0.032592
-0.069331
-0.10607
-0.14281
-0.17955
-0.17955
-0.17955
-0.17955
0.069834
0.069834
0.069834
0.069834
0.029201
-0.011432
-0.052065
-0.092698
-0.13333
-0.17396
-0.2146
-0.2146
-0.2146
-0.2146
0.062042
0.062042
0.062042
0.062042
0.017515
-0.027012
-0.071539
-0.11607
-0.16059
-0.20512
-0.24965
-0.24965
-0.24965
-0.24965
0.11762
0.11762
0.11762
0.11762
0.082113
0.046602
0.011092
-0.024419
-0.059929
-0.09544
-0.13095
-0.13095
-0.13095
-0.13095
0.1732
0.1732
0.1732
0.1732
0.14671
0.12022
0.093722
0.067228
0.040734
0.01424
-0.012255
-0.012255
-0.012255
-0.012255
0.22879
0.22879
0.22879
0.22879
0.21131
0.19383
0.17635
0.15887
0.1414
0.12392
0.10644
0.10644
0.10644
0.10644
0.19
0.19
0.19
0.19
0.16935
0.1487
0.12804
0.10739
0.086738
0.066085
0.045432
0.045432
0.045432
0.045432
0.15122
0.15122
0.15122
0.15122
0.12739
0.10356
0.079736
0.055908
0.032079
0.0082514
-0.015577
-0.015577
-0.015577
-0.015577
0.11244
0.11244
0.11244
0.11244
0.085434
0.05843
0.031427
0.0044239
-0.022579
-0.049583
-0.076586
-0.076586
-0.076586
-0.076586
0.064085
0.064085
0.064085
0.064085
0.044207
0.024328
0.0044498
-0.015429
-0.035307
-0.055186
-0.075065
-0.075065
-0.075065
-0.075065
0.015734
0.015734
0.015734
0.015734
0.0029803
-0.0097736
-0.022528
-0.035281
-0.048035
-0.060789
-0.073543
-0.073543
-0.073543
-0.073543
-0.032617
-0.032617
-0.032617
-0.032617
-0.038246
-0.043876
-0.049505
-0.055134
-0.060763
-0.066393
-0.072022
-0.072022
-0.072022
-0.072022
-0.032617
-0.032617
-0.032617
-0.032617
-0.038246
-0.043876
-0.049505
-0.055134
-0.060763
-0.066393
-0.072022
-0.072022
-0.072022
-0.072022
-0.22704
-0.22704
-0.22704
-0.22704
-0.2017
-0.17637
-0.15103
-0.12569
-0.10036
-0.075019
-0.049682
-0.049682
-0.049682
-0.049682
-0.22704
-0.22704
-0.22704
-0.22704
-0.2017
-0.17637
-0.15103
-0.12569
-0.10036
-0.075019
-0.049682
-0.049682
-0.049682
-0.049682
-0.15705
-0.15705
-0.15705
-0.15705
-0.13939
-0.12173
-0.10407
-0.086411
-0.068751
-0.05109
-0.033429
-0.033429
-0.033429
-0.033429
-0.08707
-0.08707
-0.08707
-0.08707
-0.077085
-0.0671
-0.057115
-0.04713
-0.037146
-0.027161
-0.017176
-0.017176
-0.017176
-0.017176
-0.017086
-0.017086
-0.017086
-0.017086
-0.014777
-0.012468
-0.010158
-0.0078495
-0.0055405
-0.0032315
-0.00092246
-0.00092246
-0.00092246
-0.00092246
0.09203
0.09203
0.09203
0.09203
0.073529
0.055028
0.036528
0.018027
-0.00047375
-0.018974
-0.037475
-0.037475
-0.037475
-0.037475
0.20114
0.20114
0.20114
0.20114
0.16183
0.12252
0.083214
0.043903
0.004593
-0.034717
-0.074028
-0.074028
-0.074028
-0.074028
0.31026
0.31026
0.31026
0.31026
0.25014
0.19002
0.1299
0.06978
0.0096597
-0.05046
-0.11058
-0.11058
-0.11058
-0.11058
0.26675
0.26675
0.26675
0.26675
0.23407
0.20139
0.16871
0.13603
0.10336
0.070679
0.038001
0.038001
0.038001
0.038001
0.22323
0.22323
0.22323
0.22323
0.218
0.21276
0.20753
0.20229
0.19705
0.19182
0.18658
0.18658
0.18658
0.18658
0.17972
0.17972
0.17972
0.17972
0.20193
0.22413
0.24634
0.26854
0.29075
0.31296
0.33516
0.33516
0.33516
0.33516
0.088355
0.088355
0.088355
0.088355
0.13711
0.18587
0.23463
0.28338
0.33214
0.3809
0.42965
0.42965
0.42965
0.42965
-0.0030095
-0.0030095
-0.0030095
-0.0030095
0.072298
0.14761
0.22291
0.29822
0.37353
0.44884
0.52414
0.52414
0.52414
0.52414
-0.094374
-0.094374
-0.094374
-0.094374
0.0074846
0.10934
0.2112
0.31306
0.41492
0.51678
0.61863
0.61863
0.61863
0.61863
-0.048719
-0.048719
-0.048719
-0.048719
0.035563
0.11985
0.20413
0.28841
0.37269
0.45698
0.54126
0.54126
0.54126
0.54126
-0.0030648
-0.0030648
-0.0030648
-0.0030648
0.063642
0.13035
0.19706
0.26376
0.33047
0.39717
0.46388
0.46388
0.46388
0.46388
0.042589
0.042589
0.042589
0.042589
0.09172
0.14085
0.18998
0.23911
0.28824
0.33737
0.38651
0.38651
0.38651
0.38651
0.016552
0.016552
0.016552
0.016552
0.057019
0.097487
0.13796
0.17842
0.21889
0.25936
0.29983
0.29983
0.29983
0.29983
-0.0094864
-0.0094864
-0.0094864
-0.0094864
0.022319
0.054124
0.085928
0.11773
0.14954
0.18134
0.21315
0.21315
0.21315
0.21315
-0.035524
-0.035524
-0.035524
-0.035524
-0.012382
0.01076
0.033902
0.057044
0.080186
0.10333
0.12647
0.12647
0.12647
0.12647
-0.068285
-0.068285
-0.068285
-0.068285
-0.042706
-0.017127
0.0084516
0.03403
0.059609
0.085188
0.11077
0.11077
0.11077
0.11077
-0.10104
-0.10104
-0.10104
-0.10104
-0.073029
-0.045014
-0.016999
0.011017
0.039032
0.067048
0.095063
0.095063
0.095063
0.095063
-0.13381
-0.13381
-0.13381
-0.13381
-0.10335
-0.072901
-0.042449
-0.011996
0.018456
0.048908
0.07936
0.07936
0.07936
0.07936
-0.15725
-0.15725
-0.15725
-0.15725
-0.12512
-0.092989
-0.060858
-0.028726
0.0034061
0.035538
0.06767
0.06767
0.06767
0.06767
-0.1807
-0.1807
-0.1807
-0.1807
-0.14689
-0.11308
-0.079267
-0.045455
-0.011643
0.022168
0.05598
0.05598
0.05598
0.05598
-0.20415
-0.20415
-0.20415
-0.20415
-0.16866
-0.13317
-0.097675
-0.062184
-0.026693
0.0087983
0.04429
0.04429
0.04429
0.04429
-0.16054
-0.16054
-0.16054
-0.16054
-0.13341
-0.10628
-0.079142
-0.05201
-0.024877
0.002256
0.029389
0.029389
0.029389
0.029389
-0.11693
-0.11693
-0.11693
-0.11693
-0.098158
-0.079383
-0.060609
-0.041835
-0.023061
-0.0042863
0.014488
0.014488
0.014488
0.014488
-0.073323
-0.073323
-0.073323
-0.073323
-0.062908
-0.052492
-0.042076
-0.03166
-0.021244
-0.010829
-0.00041273
-0.00041273
-0.00041273
-0.00041273
-0.06955
-0.06955
-0.06955
-0.06955
-0.063529
-0.057507
-0.051485
-0.045463
-0.039442
-0.03342
-0.027398
-0.027398
-0.027398
-0.027398
-0.065777
-0.065777
-0.065777
-0.065777
-0.06415
-0.062522
-0.060894
-0.059267
-0.057639
-0.056011
-0.054384
-0.054384
-0.054384
-0.054384
-0.062004
-0.062004
-0.062004
-0.062004
-0.064771
-0.067537
-0.070303
-0.07307
-0.075836
-0.078603
-0.081369
-0.081369
-0.081369
-0.081369
-0.12394
-0.12394
-0.12394
-0.12394
-0.10933
-0.094716
-0.080106
-0.065496
-0.050885
-0.036275
-0.021664
-0.021664
-0.021664
-0.021664
-0.18587
-0.18587
-0.18587
-0.18587
-0.15388
-0.1219
-0.089909
-0.057921
-0.025934
0.006053
0.03804
0.03804
0.03804
0.03804
-0.2478
-0.2478
-0.2478
-0.2478
-0.19844
-0.14908
-0.099711
-0.050347
-0.00098322
0.048381
0.097745
0.097745
0.097745
0.097745
-0.18906
-0.18906
-0.18906
-0.18906
-0.14533
-0.10161
-0.057882
-0.014155
0.029571
0.073297
0.11702
0.11702
0.11702
0.11702
-0.13032
-0.13032
-0.13032
-0.13032
-0.092229
-0.05414
-0.016052
0.022036
0.060125
0.098213
0.1363
0.1363
0.1363
0.1363
-0.071574
-0.071574
-0.071574
-0.071574
-0.039123
-0.0066728
0.025778
0.058228
0.090679
0.12313
0.15558
0.15558
0.15558
0.15558
-0.043855
-0.043855
-0.043855
-0.043855
-0.029595
-0.015335
-0.0010745
0.013186
0.027446
0.041706
0.055966
0.055966
0.055966
0.055966
-0.016136
-0.016136
-0.016136
-0.016136
-0.020067
-0.023997
-0.027927
-0.031857
-0.035787
-0.039717
-0.043647
-0.043647
-0.043647
-0.043647
0.011582
0.011582
0.011582
0.011582
-0.010538
-0.032659
-0.054779
-0.076899
-0.09902
-0.12114
-0.14326
-0.14326
-0.14326
-0.14326
-0.050654
-0.050654
-0.050654
-0.050654
-0.055967
-0.06128
-0.066593
-0.071906
-0.077219
-0.082531
-0.087844
-0.087844
-0.087844
-0.087844
-0.11289
-0.11289
-0.11289
-0.11289
-0.1014
-0.089902
-0.078407
-0.066912
-0.055417
-0.043923
-0.032428
-0.032428
-0.032428
-0.032428
-0.17513
-0.17513
-0.17513
-0.17513
-0.14683
-0.11852
-0.090221
-0.061918
-0.033616
-0.0053137
0.022989
0.022989
0.022989
0.022989
-0.14642
-0.14642
-0.14642
-0.14642
-0.1088
-0.071174
-0.033551
0.0040727
0.041696
0.079319
0.11694
0.11694
0.11694
0.11694
-0.11771
-0.11771
-0.11771
-0.11771
-0.070768
-0.023824
0.02312
0.070064
0.11701
0.16395
0.2109
0.2109
0.2109
0.2109
-0.089005
-0.089005
-0.089005
-0.089005
-0.03274
0.023525
0.07979
0.13605
0.19232
0.24858
0.30485
0.30485
0.30485
0.30485
-0.089207
-0.089207
-0.089207
-0.089207
-0.043533
0.0021414
0.047816
0.09349
0.13916
0.18484
0.23051
0.23051
0.23051
0.23051
-0.08941
-0.08941
-0.08941
-0.08941
-0.054326
-0.019242
0.015841
0.050925
0.086009
0.12109
0.15618
0.15618
0.15618
0.15618
-0.089612
-0.089612
-0.089612
-0.089612
-0.065119
-0.040626
-0.016133
0.0083602
0.032853
0.057346
0.081839
0.081839
0.081839
0.081839
-0.1603
-0.1603
-0.1603
-0.1603
-0.12851
-0.09672
-0.064929
-0.033139
-0.0013486
0.030442
0.062232
0.062232
0.062232
0.062232
-0.23099
-0.23099
-0.23099
-0.23099
-0.1919
-0.15281
-0.11373
-0.074638
-0.03555
0.0035375
0.042625
0.042625
0.042625
0.042625
-0.30168
-0.30168
-0.30168
-0.30168
-0.25529
-0.20891
-0.16252
-0.11614
-0.069752
-0.023367
0.023018
0.023018
0.023018
0.023018
-0.30747
-0.30747
-0.30747
-0.30747
-0.25874
-0.21002
-0.16129
-0.11257
-0.063843
-0.015119
0.033606
0.033606
0.033606
0.033606
-0.31326
-0.31326
-0.31326
-0.31326
-0.26219
-0.21113
-0.16006
-0.109
-0.057935
-0.0068703
0.044194
0.044194
0.044194
0.044194
-0.31904
-0.31904
-0.31904
-0.31904
-0.26564
-0.21224
-0.15883
-0.10543
-0.052026
0.0013779
0.054782
0.054782
0.054782
0.054782
-0.25142
-0.25142
-0.25142
-0.25142
-0.2254
-0.19939
-0.17337
-0.14736
-0.12134
-0.095328
-0.069313
-0.069313
-0.069313
-0.069313
-0.1838
-0.1838
-0.1838
-0.1838
-0.18517
-0.18654
-0.18792
-0.18929
-0.19066
-0.19203
-0.19341
-0.19341
-0.19341
-0.19341
-0.11617
-0.11617
-0.11617
-0.11617
-0.14493
-0.1737
-0.20246
-0.23122
-0.25998
-0.28874
-0.3175
-0.3175
-0.3175
-0.3175
0.032962
0.032962
0.032962
0.032962
-0.0049717
-0.042905
-0.080838
-0.11877
-0.1567
-0.19464
-0.23257
-0.23257
-0.23257
-0.23257
0.1821
0.1821
0.1821
0.1821
0.13499
0.087885
0.04078
-0.0063253
-0.053431
-0.10054
-0.14764
-0.14764
-0.14764
-0.14764
0.33123
0.33123
0.33123
0.33123
0.27495
0.21868
0.1624
0.10612
0.049844
-0.0064337
-0.062711
-0.062711
-0.062711
-0.062711
0.25822
0.25822
0.25822
0.25822
0.22214
0.18606
0.14999
0.11391
0.077829
0.041751
0.0056731
0.0056731
0.0056731
0.0056731
0.18521
0.18521
0.18521
0.18521
0.16933
0.15345
0.13757
0.12169
0.10582
0.089936
0.074057
0.074057
0.074057
0.074057
0.1122
0.1122
0.1122
0.1122
0.11652
0.12084
0.12516
0.12948
0.1338
0.13812
0.14244
0.14244
0.14244
0.14244
0.046588
0.046588
0.046588
0.046588
0.046323
0.046057
0.045792
0.045526
0.04526
0.044995
0.044729
0.044729
0.044729
0.044729
-0.019024
-0.019024
-0.019024
-0.019024
-0.023875
-0.028726
-0.033578
-0.038429
-0.04328
-0.048132
-0.052983
-0.052983
-0.052983
-0.052983
-0.084635
-0.084635
-0.084635
-0.084635
-0.094072
-0.10351
-0.11295
-0.12238
-0.13182
-0.14126
-0.15069
-0.15069
-0.15069
-0.15069
0.23751
0.23751
0.23751
0.23751
0.22619
0.21488
0.20356
0.19225
0.18094
0.16962
0.15831
0.15831
0.15831
0.15831
0.55965
0.55965
0.55965
0.55965
0.54646
0.53327
0.52007
0.50688
0.49369
0.4805
0.46731
0.46731
0.46731
0.46731
0.88179
0.88179
0.88179
0.88179
0.86672
0.85165
0.83659
0.82152
0.80645
0.79138
0.77631
0.77631
0.77631
0.77631
0.88179
0.88179
0.88179
0.88179
0.86672
0.85165
0.83659
0.82152
0.80645
0.79138
0.77631
0.77631
0.77631
0.77631
0.053189
0.053189
0.053189
0.053189
0.059508
0.065827
0.072145
0.078464
0.084783
0.091101
0.09742
0.09742
0.09742
0.09742
0.053189
0.053189
0.053189
0.053189
0.059508
0.065827
0.072145
0.078464
0.084783
0.091101
0.09742
0.09742
0.09742
0.09742
-0.048613
-0.048613
-0.048613
-0.048613
-0.05448
-0.060348
-0.066215
-0.072082
-0.07795
-0.083817
-0.089685
-0.089685
-0.089685
-0.089685
-0.15041
-0.15041
-0.15041
-0.15041
-0.16847
-0.18652
-0.20458
-0.22263
-0.24068
-0.25874
-0.27679
-0.27679
-0.27679
-0.27679
-0.25222
-0.25222
-0.25222
-0.25222
-0.28246
-0.3127
-0.34294
-0.37318
-0.40341
-0.43365
-0.46389
-0.46389
-0.46389
-0.46389
-0.1617
-0.1617
-0.1617
-0.1617
-0.18654
-0.21137
-0.23621
-0.26104
-0.28588
-0.31071
-0.33554
-0.33554
-0.33554
-0.33554
-0.071192
-0.071192
-0.071192
-0.071192
-0.090621
-0.11005
-0.12948
-0.14891
-0.16834
-0.18776
-0.20719
-0.20719
-0.20719
-0.20719
0.01932
0.01932
0.01932
0.01932
0.0052968
-0.0087265
-0.02275
-0.036773
-0.050796
-0.064819
-0.078843
-0.078843
-0.078843
-0.078843
0.02682
0.02682
0.02682
0.02682
0.031899
0.036978
0.042057
0.047136
0.052215
0.057293
0.062372
0.062372
0.062372
0.062372
0.03432
0.03432
0.03432
0.03432
0.058501
0.082682
0.10686
0.13104
0.15523
0.17941
0.20359
0.20359
0.20359
0.20359
0.04182
0.04182
0.04182
0.04182
0.085103
0.12839
0.17167
0.21495
0.25824
0.30152
0.3448
0.3448
0.3448
0.3448
0.04066
0.04066
0.04066
0.04066
0.088451
0.13624
0.18403
0.23182
0.27961
0.32741
0.3752
0.3752
0.3752
0.3752
0.0395
0.0395
0.0395
0.0395
0.091799
0.1441
0.1964
0.24869
0.30099
0.35329
0.40559
0.40559
0.40559
0.40559
0.03834
0.03834
0.03834
0.03834
0.095146
0.15195
0.20876
0.26557
0.32237
0.37918
0.43598
0.43598
0.43598
0.43598
0.091578
0.091578
0.091578
0.091578
0.13979
0.188
0.23622
0.28443
0.33264
0.38085
0.42907
0.42907
0.42907
0.42907
0.14482
0.14482
0.14482
0.14482
0.18443
0.22405
0.26367
0.30329
0.34291
0.38253
0.42215
0.42215
0.42215
0.42215
0.19805
0.19805
0.19805
0.19805
0.22908
0.2601
0.29113
0.32215
0.35318
0.3842
0.41523
0.41523
0.41523
0.41523
0.14827
0.14827
0.14827
0.14827
0.16895
0.18962
0.2103
0.23097
0.25165
0.27232
0.293
0.293
0.293
0.293
0.098496
0.098496
0.098496
0.098496
0.10882
0.11915
0.12947
0.1398
0.15012
0.16045
0.17077
0.17077
0.17077
0.17077
0.048717
0.048717
0.048717
0.048717
0.048692
0.048667
0.048642
0.048618
0.048593
0.048568
0.048543
0.048543
0.048543
0.048543
-0.023887
-0.023887
-0.023887
-0.023887
-0.017728
-0.01157
-0.0054117
0.0007466
0.0069049
0.013063
0.019222
0.019222
0.019222
0.019222
-0.09649
-0.09649
-0.09649
-0.09649
-0.084149
-0.071807
-0.059466
-0.047124
-0.034783
-0.022442
-0.0101
-0.0101
-0.0101
-0.0101
-0.16909
-0.16909
-0.16909
-0.16909
-0.15057
-0.13204
-0.11352
-0.094995
-0.076471
-0.057946
-0.039422
-0.039422
-0.039422
-0.039422
-0.16036
-0.16036
-0.16036
-0.16036
-0.14285
-0.12533
-0.10782
-0.090303
-0.072788
-0.055273
-0.037759
-0.037759
-0.037759
-0.037759
-0.15163
-0.15163
-0.15163
-0.15163
-0.13512
-0.11862
-0.10211
-0.08561
-0.069105
-0.0526
-0.036096
-0.036096
-0.036096
-0.036096
-0.1429
-0.1429
-0.1429
-0.1429
-0.1274
-0.11191
-0.096411
-0.080917
-0.065422
-0.049928
-0.034433
-0.034433
-0.034433
-0.034433
-0.070874
-0.070874
-0.070874
-0.070874
-0.061443
-0.052012
-0.042581
-0.033151
-0.02372
-0.014289
-0.0048581
-0.0048581
-0.0048581
-0.0048581
0.0011478
0.0011478
0.0011478
0.0011478
0.0045147
0.0078817
0.011249
0.014616
0.017983
0.02135
0.024717
0.024717
0.024717
0.024717
0.073169
0.073169
0.073169
0.073169
0.070473
0.067776
0.065079
0.062382
0.059685
0.056988
0.054291
0.054291
0.054291
0.054291
0.060371
0.060371
0.060371
0.060371
0.058677
0.056982
0.055288
0.053593
0.051899
0.050205
0.04851
0.04851
0.04851
0.04851
0.047573
0.047573
0.047573
0.047573
0.046881
0.046189
0.045497
0.044805
0.044113
0.043421
0.042729
0.042729
0.042729
0.042729
0.034774
0.034774
0.034774
0.034774
0.035085
0.035395
0.035706
0.036016
0.036327
0.036638
0.036948
0.036948
0.036948
0.036948
-0.012541
-0.012541
-0.012541
-0.012541
-0.0086944
-0.004848
-0.0010017
0.0028447
0.0066911
0.010537
0.014384
0.014384
0.014384
0.014384
-0.059856
-0.059856
-0.059856
-0.059856
-0.052473
-0.045091
-0.037709
-0.030327
-0.022945
-0.015563
-0.0081806
-0.0081806
-0.0081806
-0.0081806
-0.10717
-0.10717
-0.10717
-0.10717
-0.096253
-0.085335
-0.074417
-0.063499
-0.052581
-0.041663
-0.030745
-0.030745
-0.030745
-0.030745
-0.081985
-0.081985
-0.081985
-0.081985
-0.074143
-0.0663
-0.058458
-0.050616
-0.042774
-0.034932
-0.027089
-0.027089
-0.027089
-0.027089
-0.056799
-0.056799
-0.056799
-0.056799
-0.052033
-0.047266
-0.0425
-0.037733
-0.032967
-0.0282
-0.023434
-0.023434
-0.023434
-0.023434
-0.031614
-0.031614
-0.031614
-0.031614
-0.029923
-0.028232
-0.026541
-0.024851
-0.02316
-0.021469
-0.019778
-0.019778
-0.019778
-0.019778
0.015588
0.015588
0.015588
0.015588
0.013874
0.01216
0.010446
0.0087326
0.0070188
0.005305
0.0035912
0.0035912
0.0035912
0.0035912
0.062789
0.062789
0.062789
0.062789
0.057671
0.052552
0.047434
0.042316
0.037197
0.032079
0.026961
0.026961
0.026961
0.026961
0.10999
0.10999
0.10999
0.10999
0.10147
0.092944
0.084422
0.075899
0.067376
0.058853
0.05033
0.05033
0.05033
0.05033
0.066228
0.066228
0.066228
0.066228
0.065304
0.064381
0.063457
0.062534
0.06161
0.060686
0.059763
0.059763
0.059763
0.059763
0.022465
0.022465
0.022465
0.022465
0.029141
0.035817
0.042493
0.049168
0.055844
0.06252
0.069196
0.069196
0.069196
0.069196
-0.021297
-0.021297
-0.021297
-0.021297
-0.0070223
0.0072528
0.021528
0.035803
0.050078
0.064353
0.078629
0.078629
0.078629
0.078629
-0.02227
-0.02227
-0.02227
-0.02227
-0.0060815
0.010107
0.026295
0.042483
0.058671
0.074859
0.091047
0.091047
0.091047
0.091047
-0.023242
-0.023242
-0.023242
-0.023242
-0.0051407
0.01296
0.031061
0.049163
0.067264
0.085365
0.10347
0.10347
0.10347
0.10347
-0.024214
-0.024214
-0.024214
-0.024214
-0.0041999
0.015814
0.035828
0.055842
0.075856
0.09587
0.11588
0.11588
0.11588
0.11588
0.011687
0.011687
0.011687
0.011687
0.02269
0.033692
0.044695
0.055698
0.066701
0.077704
0.088707
0.088707
0.088707
0.088707
0.047587
0.047587
0.047587
0.047587
0.049579
0.051571
0.053562
0.055554
0.057545
0.059537
0.061529
0.061529
0.061529
0.061529
0.083488
0.083488
0.083488
0.083488
0.076468
0.069449
0.062429
0.05541
0.04839
0.04137
0.034351
0.034351
0.034351
0.034351
0.096242
0.096242
0.096242
0.096242
0.085519
0.074796
0.064073
0.05335
0.042627
0.031903
0.02118
0.02118
0.02118
0.02118
0.109
0.109
0.109
0.109
0.094569
0.080143
0.065716
0.05129
0.036863
0.022437
0.0080099
0.0080099
0.0080099
0.0080099
0.12175
0.12175
0.12175
0.12175
0.10362
0.08549
0.06736
0.04923
0.0311
0.01297
-0.0051605
-0.0051605
-0.0051605
-0.0051605
0.011965
0.011965
0.011965
0.011965
-0.0078159
-0.027597
-0.047377
-0.067158
-0.086938
-0.10672
-0.1265
-0.1265
-0.1265
-0.1265
-0.09782
-0.09782
-0.09782
-0.09782
-0.11925
-0.14068
-0.16211
-0.18355
-0.20498
-0.22641
-0.24784
-0.24784
-0.24784
-0.24784
-0.20761
-0.20761
-0.20761
-0.20761
-0.23069
-0.25377
-0.27685
-0.29993
-0.32301
-0.3461
-0.36918
-0.36918
-0.36918
-0.36918
-0.13422
-0.13422
-0.13422
-0.13422
-0.14787
-0.16152
-0.17517
-0.18882
-0.20247
-0.21612
-0.22977
-0.22977
-0.22977
-0.22977
-0.060827
-0.060827
-0.060827
-0.060827
-0.065046
-0.069265
-0.073484
-0.077703
-0.081922
-0.086141
-0.09036
-0.09036
-0.09036
-0.09036
0.012563
0.012563
0.012563
0.012563
0.017775
0.022988
0.0282
0.033412
0.038625
0.043837
0.049049
0.049049
0.049049
0.049049
0.10611
0.10611
0.10611
0.10611
0.10583
0.10555
0.10527
0.10499
0.10471
0.10443
0.10415
0.10415
0.10415
0.10415
0.19966
0.19966
0.19966
0.19966
0.19388
0.18811
0.18234
0.17657
0.17079
0.16502
0.15925
0.15925
0.15925
0.15925
0.2932
0.2932
0.2932
0.2932
0.28194
0.27067
0.25941
0.24814
0.23688
0.22561
0.21435
0.21435
0.21435
0.21435
0.28241
0.28241
0.28241
0.28241
0.26626
0.25011
0.23396
0.21782
0.20167
0.18552
0.16938
0.16938
0.16938
0.16938
0.27161
0.27161
0.27161
0.27161
0.25058
0.22955
0.20852
0.18749
0.16646
0.14544
0.12441
0.12441
0.12441
0.12441
0.26081
0.26081
0.26081
0.26081
0.2349
0.20899
0.18308
0.15717
0.13126
0.10535
0.079439
0.079439
0.079439
0.079439
0.21571
0.21571
0.21571
0.21571
0.19464
0.17357
0.1525
0.13143
0.11036
0.089286
0.068214
0.068214
0.068214
0.068214
0.17062
0.17062
0.17062
0.17062
0.15439
0.13816
0.12192
0.10569
0.089456
0.073223
0.056989
0.056989
0.056989
0.056989
0.12553
0.12553
0.12553
0.12553
0.11414
0.10274
0.091345
0.07995
0.068555
0.05716
0.045765
0.045765
0.045765
0.045765
0.040256
0.040256
0.040256
0.040256
0.029261
0.018267
0.0072727
-0.0037216
-0.014716
-0.02571
-0.036705
-0.036705
-0.036705
-0.036705
-0.045019
-0.045019
-0.045019
-0.045019
-0.055613
-0.066206
-0.0768
-0.087393
-0.097987
-0.10858
-0.11917
-0.11917
-0.11917
-0.11917
-0.13029
-0.13029
-0.13029
-0.13029
-0.14049
-0.15068
-0.16087
-0.17106
-0.18126
-0.19145
-0.20164
-0.20164
-0.20164
-0.20164
-0.13029
-0.13029
-0.13029
-0.13029
-0.14049
-0.15068
-0.16087
-0.17106
-0.18126
-0.19145
-0.20164
-0.20164
-0.20164
-0.20164
0.51352
0.51352
0.51352
0.51352
0.42823
0.34295
0.25766
0.17238
0.087095
0.0018101
-0.083474
-0.083474
-0.083474
-0.083474
0.51352
0.51352
0.51352
0.51352
0.42823
0.34295
0.25766
0.17238
0.087095
0.0018101
-0.083474
-0.083474
-0.083474
-0.083474
0.28988
0.28988
0.28988
0.28988
0.21992
0.14996
0.080002
0.010042
-0.059917
-0.12988
-0.19984
-0.19984
-0.19984
-0.19984
0.066245
0.066245
0.066245
0.066245
0.01161
-0.043025
-0.097659
-0.15229
-0.20693
-0.26156
-0.3162
-0.3162
-0.3162
-0.3162
-0.15739
-0.15739
-0.15739
-0.15739
-0.1967
-0.23601
-0.27532
-0.31463
-0.35394
-0.39325
-0.43256
-0.43256
-0.43256
-0.43256
-0.032511
-0.032511
-0.032511
-0.032511
-0.080454
-0.1284
-0.17634
-0.22428
-0.27223
-0.32017
-0.36812
-0.36812
-0.36812
-0.36812
0.092369
0.092369
0.092369
0.092369
0.035792
-0.020785
-0.077362
-0.13394
-0.19052
-0.24709
-0.30367
-0.30367
-0.30367
-0.30367
0.21725
0.21725
0.21725
0.21725
0.15204
0.086828
0.021618
-0.043593
-0.1088
-0.17401
-0.23922
-0.23922
-0.23922
-0.23922
0.21821
0.21821
0.21821
0.21821
0.16232
0.10643
0.050541
-0.0053474
-0.061236
-0.11712
-0.17301
-0.17301
-0.17301
-0.17301
0.21916
0.21916
0.21916
0.21916
0.1726
0.12603
0.079464
0.032898
-0.013669
-0.060235
-0.1068
-0.1068
-0.1068
-0.1068
0.22012
0.22012
0.22012
0.22012
0.18288
0.14563
0.10839
0.071143
0.033899
-0.0033457
-0.04059
-0.04059
-0.04059
-0.04059
0.14198
0.14198
0.14198
0.14198
0.12392
0.10585
0.08779
0.069726
0.051662
0.033597
0.015533
0.015533
0.015533
0.015533
0.063844
0.063844
0.063844
0.063844
0.06496
0.066076
0.067192
0.068308
0.069424
0.070541
0.071657
0.071657
0.071657
0.071657
-0.014295
-0.014295
-0.014295
-0.014295
0.0060019
0.026298
0.046595
0.066891
0.087187
0.10748
0.12778
0.12778
0.12778
0.12778
-0.071721
-0.071721
-0.071721
-0.071721
-0.048977
-0.026233
-0.003489
0.019255
0.041999
0.064743
0.087487
0.087487
0.087487
0.087487
-0.12915
-0.12915
-0.12915
-0.12915
-0.10396
-0.078764
-0.053573
-0.028381
-0.0031889
0.022003
0.047195
0.047195
0.047195
0.047195
-0.18657
-0.18657
-0.18657
-0.18657
-0.15894
-0.1313
-0.10366
-0.076017
-0.048377
-0.020738
0.006902
0.006902
0.006902
0.006902
-0.18993
-0.18993
-0.18993
-0.18993
-0.15748
-0.12504
-0.092592
-0.060146
-0.027699
0.0047469
0.037193
0.037193
0.037193
0.037193
-0.19329
-0.19329
-0.19329
-0.19329
-0.15603
-0.11878
-0.081528
-0.044275
-0.0070216
0.030231
0.067484
0.067484
0.067484
0.067484
-0.19664
-0.19664
-0.19664
-0.19664
-0.15458
-0.11252
-0.070463
-0.028404
0.013656
0.055716
0.097776
0.097776
0.097776
0.097776
-0.12081
-0.12081
-0.12081
-0.12081
-0.095964
-0.071116
-0.046268
-0.02142
0.003428
0.028276
0.053124
0.053124
0.053124
0.053124
-0.04498
-0.04498
-0.04498
-0.04498
-0.037344
-0.029708
-0.022072
-0.014436
-0.0068002
0.00083587
0.0084719
0.0084719
0.0084719
0.0084719
0.030851
0.030851
0.030851
0.030851
0.021275
0.011699
0.0021234
-0.0074525
-0.017028
-0.026604
-0.03618
-0.03618
-0.03618
-0.03618
0.010559
0.010559
0.010559
0.010559
0.0015775
-0.0074044
-0.016386
-0.025368
-0.03435
-0.043332
-0.052314
-0.052314
-0.052314
-0.052314
-0.0097321
-0.0097321
-0.0097321
-0.0097321
-0.01812
-0.026508
-0.034896
-0.043284
-0.051672
-0.06006
-0.068448
-0.068448
-0.068448
-0.068448
-0.030024
-0.030024
-0.030024
-0.030024
-0.037818
-0.045612
-0.053406
-0.0612
-0.068993
-0.076787
-0.084581
-0.084581
-0.084581
-0.084581
-0.085973
-0.085973
-0.085973
-0.085973
-0.071927
-0.057881
-0.043835
-0.029788
-0.015742
-0.001696
0.01235
0.01235
0.01235
0.01235
-0.14192
-0.14192
-0.14192
-0.14192
-0.10604
-0.07015
-0.034264
0.0016228
0.037509
0.073396
0.10928
0.10928
0.10928
0.10928
-0.19787
-0.19787
-0.19787
-0.19787
-0.14015
-0.082419
-0.024693
0.033034
0.09076
0.14849
0.20621
0.20621
0.20621
0.20621
-0.18067
-0.18067
-0.18067
-0.18067
-0.13092
-0.081167
-0.031415
0.018337
0.068089
0.11784
0.16759
0.16759
0.16759
0.16759
-0.16347
-0.16347
-0.16347
-0.16347
-0.12169
-0.079915
-0.038137
0.0036396
0.045417
0.087194
0.12897
0.12897
0.12897
0.12897
-0.14627
-0.14627
-0.14627
-0.14627
-0.11246
-0.078662
-0.04486
-0.011058
0.022745
0.056547
0.09035
0.09035
0.09035
0.09035
-0.10669
-0.10669
-0.10669
-0.10669
-0.081647
-0.056599
-0.031551
-0.0065031
0.018545
0.043593
0.068641
0.068641
0.068641
0.068641
-0.067122
-0.067122
-0.067122
-0.067122
-0.050829
-0.034535
-0.018242
-0.0019486
0.014345
0.030638
0.046931
0.046931
0.046931
0.046931
-0.027549
-0.027549
-0.027549
-0.027549
-0.02001
-0.012472
-0.0049329
0.0026059
0.010145
0.017683
0.025222
0.025222
0.025222
0.025222
-0.071431
-0.071431
-0.071431
-0.071431
-0.054487
-0.037542
-0.020598
-0.0036533
0.013291
0.030235
0.04718
0.04718
0.04718
0.04718
-0.11531
-0.11531
-0.11531
-0.11531
-0.088963
-0.062613
-0.036263
-0.0099126
0.016437
0.042788
0.069138
0.069138
0.069138
0.069138
-0.15919
-0.15919
-0.15919
-0.15919
-0.12344
-0.087683
-0.051927
-0.016172
0.019584
0.05534
0.091095
0.091095
0.091095
0.091095
-0.16279
-0.16279
-0.16279
-0.16279
-0.12438
-0.085963
-0.047548
-0.0091332
0.029282
0.067697
0.10611
0.10611
0.10611
0.10611
-0.16639
-0.16639
-0.16639
-0.16639
-0.12532
-0.084243
-0.043169
-0.0020946
0.038979
0.080054
0.12113
0.12113
0.12113
0.12113
-0.16999
-0.16999
-0.16999
-0.16999
-0.12626
-0.082523
-0.038789
0.004944
0.048677
0.092411
0.13614
0.13614
0.13614
0.13614
-0.12096
-0.12096
-0.12096
-0.12096
-0.084591
-0.048223
-0.011856
0.024511
0.060878
0.097246
0.13361
0.13361
0.13361
0.13361
-0.071926
-0.071926
-0.071926
-0.071926
-0.042925
-0.013924
0.015077
0.044078
0.073079
0.10208
0.13108
0.13108
0.13108
0.13108
-0.022895
-0.022895
-0.022895
-0.022895
-0.0012598
0.020375
0.04201
0.063645
0.08528
0.10692
0.12855
0.12855
0.12855
0.12855
-0.036868
-0.036868
-0.036868
-0.036868
-0.018048
0.00077115
0.019591
0.03841
0.05723
0.076049
0.094869
0.094869
0.094869
0.094869
-0.050841
-0.050841
-0.050841
-0.050841
-0.034837
-0.018833
-0.002829
0.013175
0.029179
0.045183
0.061187
0.061187
0.061187
0.061187
-0.064814
-0.064814
-0.064814
-0.064814
-0.051625
-0.038437
-0.025249
-0.01206
0.0011282
0.014317
0.027505
0.027505
0.027505
0.027505
-0.11064
-0.11064
-0.11064
-0.11064
-0.079031
-0.047423
-0.015815
0.015794
0.047402
0.07901
0.11062
0.11062
0.11062
0.11062
-0.15646
-0.15646
-0.15646
-0.15646
-0.10644
-0.056408
-0.0063805
0.043647
0.093675
0.1437
0.19373
0.19373
0.19373
0.19373
-0.20229
-0.20229
-0.20229
-0.20229
-0.13384
-0.065394
0.0030536
0.071501
0.13995
0.2084
0.27684
0.27684
0.27684
0.27684
-0.20286
-0.20286
-0.20286
-0.20286
-0.12495
-0.047043
0.030868
0.10878
0.18669
0.2646
0.34251
0.34251
0.34251
0.34251
-0.20344
-0.20344
-0.20344
-0.20344
-0.11607
-0.028692
0.058682
0.14606
0.23343
0.3208
0.40818
0.40818
0.40818
0.40818
-0.20402
-0.20402
-0.20402
-0.20402
-0.10718
-0.010341
0.086496
0.18333
0.28017
0.37701
0.47384
0.47384
0.47384
0.47384
-0.16055
-0.16055
-0.16055
-0.16055
-0.083265
-0.0059842
0.071297
0.14858
0.22586
0.30314
0.38042
0.38042
0.38042
0.38042
-0.11708
-0.11708
-0.11708
-0.11708
-0.059352
-0.0016272
0.056098
0.11382
0.17155
0.22927
0.287
0.287
0.287
0.287
-0.073609
-0.073609
-0.073609
-0.073609
-0.03544
0.0027299
0.040899
0.079069
0.11724
0.15541
0.19358
0.19358
0.19358
0.19358
-0.066507
-0.066507
-0.066507
-0.066507
-0.05798
-0.049453
-0.040926
-0.032398
-0.023871
-0.015344
-0.0068164
-0.0068164
-0.0068164
-0.0068164
-0.059406
-0.059406
-0.059406
-0.059406
-0.080521
-0.10164
-0.12275
-0.14387
-0.16498
-0.1861
-0.20721
-0.20721
-0.20721
-0.20721
-0.052304
-0.052304
-0.052304
-0.052304
-0.10306
-0.15382
-0.20458
-0.25533
-0.30609
-0.35685
-0.4076
-0.4076
-0.4076
-0.4076
0.017859
0.017859
0.017859
0.017859
-0.043185
-0.10423
-0.16527
-0.22632
-0.28736
-0.34841
-0.40945
-0.40945
-0.40945
-0.40945
0.088023
0.088023
0.088023
0.088023
0.016691
-0.054642
-0.12597
-0.19731
-0.26864
-0.33997
-0.4113
-0.4113
-0.4113
-0.4113
0.15819
0.15819
0.15819
0.15819
0.076567
-0.0050531
-0.086673
-0.16829
-0.24991
-0.33153
-0.41315
-0.41315
-0.41315
-0.41315
0.20818
0.20818
0.20818
0.20818
0.13363
0.059082
-0.015469
-0.09002
-0.16457
-0.23912
-0.31367
-0.31367
-0.31367
-0.31367
0.25818
0.25818
0.25818
0.25818
0.1907
0.12322
0.055735
-0.011747
-0.079228
-0.14671
-0.21419
-0.21419
-0.21419
-0.21419
0.30818
0.30818
0.30818
0.30818
0.24777
0.18735
0.12694
0.066527
0.0061136
-0.054299
-0.11471
-0.11471
-0.11471
-0.11471
0.17877
0.17877
0.17877
0.17877
0.13219
0.085614
0.039037
-0.0075405
-0.054118
-0.10069
-0.14727
-0.14727
-0.14727
-0.14727
0.049358
0.049358
0.049358
0.049358
0.016616
-0.016125
-0.048866
-0.081607
-0.11435
-0.14709
-0.17983
-0.17983
-0.17983
-0.17983
-0.080052
-0.080052
-0.080052
-0.080052
-0.098958
-0.11786
-0.13677
-0.15567
-0.17458
-0.19349
-0.21239
-0.21239
-0.21239
-0.21239
0.002857
0.002857
0.002857
0.002857
-0.0092871
-0.021431
-0.033575
-0.04572
-0.057864
-0.070008
-0.082152
-0.082152
-0.082152
-0.082152
0.085766
0.085766
0.085766
0.085766
0.080384
0.075001
0.069618
0.064235
0.058853
0.05347
0.048087
0.048087
0.048087
0.048087
0.16868
0.16868
0.16868
0.16868
0.17005
0.17143
0.17281
0.17419
0.17557
0.17695
0.17833
0.17833
0.17833
0.17833
0.16868
0.16868
0.16868
0.16868
0.17005
0.17143
0.17281
0.17419
0.17557
0.17695
0.17833
0.17833
0.17833
0.17833
0.02732
0.02732
0.02732
0.02732
0.036323
0.045327
0.05433
0.063334
0.072337
0.081341
0.090344
0.090344
0.090344
0.090344
0.02732
0.02732
0.02732
0.02732
0.036323
0.045327
0.05433
0.063334
0.072337
0.081341
0.090344
0.090344
0.090344
0.090344
0.06726
0.06726
0.06726
0.06726
0.078366
0.089473
0.10058
0.11169
0.12279
0.1339
0.14501
0.14501
0.14501
0.14501
0.1072
0.1072
0.1072
0.1072
0.12041
0.13362
0.14683
0.16004
0.17325
0.18646
0.19967
0.19967
0.19967
0.19967
0.14714
0.14714
0.14714
0.14714
0.16245
0.17777
0.19308
0.20839
0.2237
0.23902
0.25433
0.25433
0.25433
0.25433
0.12636
0.12636
0.12636
0.12636
0.12797
0.12957
0.13118
0.13279
0.13439
0.136
0.13761
0.13761
0.13761
0.13761
0.10558
0.10558
0.10558
0.10558
0.093482
0.081383
0.069284
0.057185
0.045086
0.032987
0.020888
0.020888
0.020888
0.020888
0.084802
0.084802
0.084802
0.084802
0.058997
0.033192
0.0073872
-0.018418
-0.044223
-0.070027
-0.095832
-0.095832
-0.095832
-0.095832
0.10844
0.10844
0.10844
0.10844
0.090555
0.07267
0.054785
0.0369
0.019014
0.0011291
-0.016756
-0.016756
-0.016756
-0.016756
0.13208
0.13208
0.13208
0.13208
0.12211
0.11215
0.10218
0.092217
0.082251
0.072286
0.06232
0.06232
0.06232
0.06232
0.15572
0.15572
0.15572
0.15572
0.15367
0.15163
0.14958
0.14753
0.14549
0.14344
0.1414
0.1414
0.1414
0.1414
0.026316
0.026316
0.026316
0.026316
0.043112
0.059909
0.076705
0.093502
0.1103
0.12709
0.14389
0.14389
0.14389
0.14389
-0.10309
-0.10309
-0.10309
-0.10309
-0.067448
-0.031809
0.0038303
0.039469
0.075109
0.11075
0.14639
0.14639
0.14639
0.14639
-0.23249
-0.23249
-0.23249
-0.23249
-0.17801
-0.12353
-0.069045
-0.014563
0.039919
0.094401
0.14888
0.14888
0.14888
0.14888
-0.17736
-0.17736
-0.17736
-0.17736
-0.13988
-0.1024
-0.064924
-0.027445
0.010034
0.047513
0.084992
0.084992
0.084992
0.084992
-0.12223
-0.12223
-0.12223
-0.12223
-0.10176
-0.08128
-0.060803
-0.040327
-0.019851
0.00062511
0.021101
0.021101
0.021101
0.021101
-0.067103
-0.067103
-0.067103
-0.067103
-0.06363
-0.060156
-0.056683
-0.053209
-0.049736
-0.046263
-0.042789
-0.042789
-0.042789
-0.042789
-0.08577
-0.08577
-0.08577
-0.08577
-0.085271
-0.084771
-0.084272
-0.083772
-0.083273
-0.082773
-0.082274
-0.082274
-0.082274
-0.082274
-0.10444
-0.10444
-0.10444
-0.10444
-0.10691
-0.10939
-0.11186
-0.11433
-0.11681
-0.11928
-0.12176
-0.12176
-0.12176
-0.12176
-0.1231
-0.1231
-0.1231
-0.1231
-0.12855
-0.134
-0.13945
-0.1449
-0.15035
-0.15579
-0.16124
-0.16124
-0.16124
-0.16124
-0.13315
-0.13315
-0.13315
-0.13315
-0.13708
-0.141
-0.14493
-0.14886
-0.15278
-0.15671
-0.16064
-0.16064
-0.16064
-0.16064
-0.1432
-0.1432
-0.1432
-0.1432
-0.1456
-0.14801
-0.15041
-0.15282
-0.15522
-0.15763
-0.16003
-0.16003
-0.16003
-0.16003
-0.15324
-0.15324
-0.15324
-0.15324
-0.15413
-0.15501
-0.15589
-0.15678
-0.15766
-0.15854
-0.15943
-0.15943
-0.15943
-0.15943
-0.081728
-0.081728
-0.081728
-0.081728
-0.082575
-0.083422
-0.084269
-0.085116
-0.085962
-0.086809
-0.087656
-0.087656
-0.087656
-0.087656
-0.010212
-0.010212
-0.010212
-0.010212
-0.011023
-0.011833
-0.012643
-0.013454
-0.014264
-0.015074
-0.015885
-0.015885
-0.015885
-0.015885
0.061304
0.061304
0.061304
0.061304
0.06053
0.059756
0.058982
0.058209
0.057435
0.056661
0.055887
0.055887
0.055887
0.055887
0.036679
0.036679
0.036679
0.036679
0.043132
0.049585
0.056038
0.06249
0.068943
0.075396
0.081848
0.081848
0.081848
0.081848
0.012055
0.012055
0.012055
0.012055
0.025734
0.039414
0.053093
0.066772
0.080451
0.09413
0.10781
0.10781
0.10781
0.10781
-0.012569
-0.012569
-0.012569
-0.012569
0.0083365
0.029242
0.050148
0.071054
0.091959
0.11287
0.13377
0.13377
0.13377
0.13377
-0.03115
-0.03115
-0.03115
-0.03115
-0.010498
0.010153
0.030805
0.051456
0.072108
0.092759
0.11341
0.11341
0.11341
0.11341
-0.04973
-0.04973
-0.04973
-0.04973
-0.029333
-0.0089355
0.011462
0.031859
0.052256
0.072653
0.09305
0.09305
0.09305
0.09305
-0.06831
-0.06831
-0.06831
-0.06831
-0.048167
-0.028024
-0.0078815
0.012261
0.032404
0.052547
0.07269
0.07269
0.07269
0.07269
-0.022832
-0.022832
-0.022832
-0.022832
-0.0091451
0.0045418
0.018229
0.031916
0.045603
0.05929
0.072977
0.072977
0.072977
0.072977
0.022646
0.022646
0.022646
0.022646
0.029877
0.037108
0.044339
0.05157
0.058801
0.066032
0.073263
0.073263
0.073263
0.073263
0.068124
0.068124
0.068124
0.068124
0.068899
0.069674
0.070449
0.071225
0.072
0.072775
0.07355
0.07355
0.07355
0.07355
0.06095
0.06095
0.06095
0.06095
0.067418
0.073886
0.080355
0.086823
0.093292
0.09976
0.10623
0.10623
0.10623
0.10623
0.053775
0.053775
0.053775
0.053775
0.065937
0.078099
0.09026
0.10242
0.11458
0.12675
0.13891
0.13891
0.13891
0.13891
0.046601
0.046601
0.046601
0.046601
0.064456
0.082311
0.10017
0.11802
0.13588
0.15373
0.17158
0.17158
0.17158
0.17158
0.016434
0.016434
0.016434
0.016434
0.03544
0.054447
0.073454
0.092461
0.11147
0.13047
0.14948
0.14948
0.14948
0.14948
-0.013734
-0.013734
-0.013734
-0.013734
0.0064248
0.026583
0.046742
0.066901
0.08706
0.10722
0.12738
0.12738
0.12738
0.12738
-0.043901
-0.043901
-0.043901
-0.043901
-0.022591
-0.0012802
0.02003
0.041341
0.062652
0.083962
0.10527
0.10527
0.10527
0.10527
-0.032968
-0.032968
-0.032968
-0.032968
-0.017098
-0.0012276
0.014643
0.030513
0.046383
0.062254
0.078124
0.078124
0.078124
0.078124
-0.022035
-0.022035
-0.022035
-0.022035
-0.011605
-0.001175
0.009255
0.019685
0.030115
0.040545
0.050975
0.050975
0.050975
0.050975
-0.011102
-0.011102
-0.011102
-0.011102
-0.0061121
-0.0011224
0.0038673
0.008857
0.013847
0.018836
0.023826
0.023826
0.023826
0.023826
-0.0098505
-0.0098505
-0.0098505
-0.0098505
-0.0050875
-0.00032451
0.0044385
0.0092014
0.013964
0.018727
0.02349
0.02349
0.02349
0.02349
-0.0085991
-0.0085991
-0.0085991
-0.0085991
-0.0040628
0.00047339
0.0050096
0.0095459
0.014082
0.018618
0.023155
0.023155
0.023155
0.023155
-0.0073477
-0.0073477
-0.0073477
-0.0073477
-0.0030382
0.0012713
0.0055808
0.0098903
0.0142
0.018509
0.022819
0.022819
0.022819
0.022819
-0.023694
-0.023694
-0.023694
-0.023694
-0.016652
-0.0096089
-0.0025663
0.0044763
0.011519
0.018561
0.025604
0.025604
0.025604
0.025604
-0.04004
-0.04004
-0.04004
-0.04004
-0.030265
-0.020489
-0.010713
-0.00093777
0.0088379
0.018614
0.028389
0.028389
0.028389
0.028389
-0.056387
-0.056387
-0.056387
-0.056387
-0.043878
-0.031369
-0.018861
-0.0063518
0.006157
0.018666
0.031175
0.031175
0.031175
0.031175
-0.074476
-0.074476
-0.074476
-0.074476
-0.060461
-0.046447
-0.032432
-0.018418
-0.0044032
0.0096114
0.023626
0.023626
0.023626
0.023626
-0.092565
-0.092565
-0.092565
-0.092565
-0.077045
-0.061525
-0.046004
-0.030484
-0.014963
0.00055707
0.016077
0.016077
0.016077
0.016077
-0.11065
-0.11065
-0.11065
-0.11065
-0.093628
-0.076602
-0.059576
-0.04255
-0.025523
-0.0084973
0.0085289
0.0085289
0.0085289
0.0085289
-0.09435
-0.09435
-0.09435
-0.09435
-0.079052
-0.063753
-0.048455
-0.033156
-0.017858
-0.0025595
0.012739
0.012739
0.012739
0.012739
-0.078046
-0.078046
-0.078046
-0.078046
-0.064476
-0.050905
-0.037334
-0.023763
-0.010192
0.0033783
0.016949
0.016949
0.016949
0.016949
-0.061742
-0.061742
-0.061742
-0.061742
-0.049899
-0.038056
-0.026213
-0.01437
-0.002527
0.0093161
0.021159
0.021159
0.021159
0.021159
-0.030661
-0.030661
-0.030661
-0.030661
-0.019648
-0.0086347
0.0023784
0.013392
0.024405
0.035418
0.046431
0.046431
0.046431
0.046431
0.00042061
0.00042061
0.00042061
0.00042061
0.010604
0.020787
0.03097
0.041153
0.051336
0.061519
0.071703
0.071703
0.071703
0.071703
0.031502
0.031502
0.031502
0.031502
0.040855
0.050208
0.059562
0.068915
0.078268
0.087621
0.096974
0.096974
0.096974
0.096974
0.038974
0.038974
0.038974
0.038974
0.044231
0.049487
0.054743
0.06
0.065256
0.070513
0.075769
0.075769
0.075769
0.075769
0.046446
0.046446
0.046446
0.046446
0.047606
0.048765
0.049925
0.051085
0.052245
0.053404
0.054564
0.054564
0.054564
0.054564
0.053918
0.053918
0.053918
0.053918
0.050981
0.048044
0.045107
0.04217
0.039233
0.036296
0.033359
0.033359
0.033359
0.033359
-0.016447
-0.016447
-0.016447
-0.016447
-0.0014784
0.013491
0.028459
0.043428
0.058397
0.073366
0.088335
0.088335
0.088335
0.088335
-0.086813
-0.086813
-0.086813
-0.086813
-0.053938
-0.021063
0.011812
0.044687
0.077562
0.11044
0.14331
0.14331
0.14331
0.14331
-0.15718
-0.15718
-0.15718
-0.15718
-0.1064
-0.055616
-0.0048354
0.045946
0.096727
0.14751
0.19829
0.19829
0.19829
0.19829
-0.052932
-0.052932
-0.052932
-0.052932
-0.022684
0.007564
0.037812
0.06806
0.098309
0.12856
0.1588
0.1588
0.1588
0.1588
0.051314
0.051314
0.051314
0.051314
0.061029
0.070744
0.08046
0.090175
0.09989
0.10961
0.11932
0.11932
0.11932
0.11932
0.15556
0.15556
0.15556
0.15556
0.14474
0.13392
0.12311
0.11229
0.10147
0.090655
0.079837
0.079837
0.079837
0.079837
0.047579
0.047579
0.047579
0.047579
0.036767
0.025956
0.015144
0.0043319
-0.0064799
-0.017292
-0.028104
-0.028104
-0.028104
-0.028104
-0.060401
-0.060401
-0.060401
-0.060401
-0.071207
-0.082014
-0.09282
-0.10363
-0.11443
-0.12524
-0.13604
-0.13604
-0.13604
-0.13604
-0.16838
-0.16838
-0.16838
-0.16838
-0.17918
-0.18998
-0.20078
-0.21158
-0.22238
-0.23319
-0.24399
-0.24399
-0.24399
-0.24399
-0.16838
-0.16838
-0.16838
-0.16838
-0.17918
-0.18998
-0.20078
-0.21158
-0.22238
-0.23319
-0.24399
-0.24399
-0.24399
-0.24399
0.016453
0.016453
0.016453
0.016453
-0.038743
-0.093938
-0.14913
-0.20433
-0.25952
-0.31472
-0.36991
-0.36991
-0.36991
-0.36991
0.016453
0.016453
0.016453
0.016453
-0.038743
-0.093938
-0.14913
-0.20433
-0.25952
-0.31472
-0.36991
-0.36991
-0.36991
-0.36991
-0.0050806
-0.0050806
-0.0050806
-0.0050806
-0.04572
-0.08636
-0.127
-0.16764
-0.20828
-0.24892
-0.28956
-0.28956
-0.28956
-0.28956
-0.026614
-0.026614
-0.026614
-0.026614
-0.052698
-0.078781
-0.10486
-0.13095
-0.15703
-0.18312
-0.2092
-0.2092
-0.2092
-0.2092
-0.048147
-0.048147
-0.048147
-0.048147
-0.059675
-0.071203
-0.082731
-0.094259
-0.10579
-0.11731
-0.12884
-0.12884
-0.12884
-0.12884
-0.21568
-0.21568
-0.21568
-0.21568
-0.21401
-0.21234
-0.21067
-0.209
-0.20733
-0.20566
-0.20399
-0.20399
-0.20399
-0.20399
-0.38322
-0.38322
-0.38322
-0.38322
-0.36835
-0.35348
-0.33861
-0.32374
-0.30888
-0.29401
-0.27914
-0.27914
-0.27914
-0.27914
-0.55076
-0.55076
-0.55076
-0.55076
-0.52269
-0.49462
-0.46656
-0.43849
-0.41042
-0.38235
-0.35429
-0.35429
-0.35429
-0.35429
-0.46827
-0.46827
-0.46827
-0.46827
-0.44461
-0.42095
-0.39729
-0.37364
-0.34998
-0.32632
-0.30266
-0.30266
-0.30266
-0.30266
-0.38578
-0.38578
-0.38578
-0.38578
-0.36653
-0.34728
-0.32803
-0.30878
-0.28953
-0.27028
-0.25103
-0.25103
-0.25103
-0.25103
-0.3033
-0.3033
-0.3033
-0.3033
-0.28846
-0.27361
-0.25877
-0.24393
-0.22909
-0.21425
-0.19941
-0.19941
-0.19941
-0.19941
-0.22791
-0.22791
-0.22791
-0.22791
-0.21049
-0.19307
-0.17565
-0.15823
-0.14082
-0.1234
-0.10598
-0.10598
-0.10598
-0.10598
-0.15251
-0.15251
-0.15251
-0.15251
-0.13252
-0.11253
-0.092531
-0.072536
-0.052542
-0.032548
-0.012554
-0.012554
-0.012554
-0.012554
-0.077123
-0.077123
-0.077123
-0.077123
-0.054552
-0.031981
-0.00941
0.013161
0.035732
0.058303
0.080873
0.080873
0.080873
0.080873
-0.12008
-0.12008
-0.12008
-0.12008
-0.097628
-0.075175
-0.052722
-0.030268
-0.0078149
0.014639
0.037092
0.037092
0.037092
0.037092
-0.16304
-0.16304
-0.16304
-0.16304
-0.14071
-0.11837
-0.096033
-0.073697
-0.051361
-0.029025
-0.0066896
-0.0066896
-0.0066896
-0.0066896
-0.206
-0.206
-0.206
-0.206
-0.18378
-0.16156
-0.13934
-0.11713
-0.094908
-0.072689
-0.050471
-0.050471
-0.050471
-0.050471
-0.26811
-0.26811
-0.26811
-0.26811
-0.24649
-0.22487
-0.20325
-0.18164
-0.16002
-0.1384
-0.11678
-0.11678
-0.11678
-0.11678
-0.33021
-0.33021
-0.33021
-0.33021
-0.3092
-0.28818
-0.26716
-0.24615
-0.22513
-0.20411
-0.1831
-0.1831
-0.1831
-0.1831
-0.39232
-0.39232
-0.39232
-0.39232
-0.3719
-0.35149
-0.33107
-0.31066
-0.29024
-0.26983
-0.24941
-0.24941
-0.24941
-0.24941
-0.31177
-0.31177
-0.31177
-0.31177
-0.30349
-0.29522
-0.28694
-0.27866
-0.27038
-0.26211
-0.25383
-0.25383
-0.25383
-0.25383
-0.23122
-0.23122
-0.23122
-0.23122
-0.23508
-0.23894
-0.2428
-0.24666
-0.25052
-0.25438
-0.25824
-0.25824
-0.25824
-0.25824
-0.15068
-0.15068
-0.15068
-0.15068
-0.16667
-0.18267
-0.19867
-0.21467
-0.23067
-0.24666
-0.26266
-0.26266
-0.26266
-0.26266
-0.089786
-0.089786
-0.089786
-0.089786
-0.1043
-0.11882
-0.13333
-0.14784
-0.16236
-0.17687
-0.19139
-0.19139
-0.19139
-0.19139
-0.028895
-0.028895
-0.028895
-0.028895
-0.041926
-0.054958
-0.06799
-0.081021
-0.094053
-0.10708
-0.12012
-0.12012
-0.12012
-0.12012
0.031996
0.031996
0.031996
0.031996
0.020448
0.0088989
-0.0026496
-0.014198
-0.025747
-0.037295
-0.048844
-0.048844
-0.048844
-0.048844
-0.032191
-0.032191
-0.032191
-0.032191
-0.033449
-0.034706
-0.035963
-0.03722
-0.038477
-0.039734
-0.040991
-0.040991
-0.040991
-0.040991
-0.096379
-0.096379
-0.096379
-0.096379
-0.087345
-0.07831
-0.069276
-0.060242
-0.051207
-0.042173
-0.033139
-0.033139
-0.033139
-0.033139
-0.16057
-0.16057
-0.16057
-0.16057
-0.14124
-0.12191
-0.10259
-0.083263
-0.063938
-0.044612
-0.025286
-0.025286
-0.025286
-0.025286
-0.11369
-0.11369
-0.11369
-0.11369
-0.10604
-0.098387
-0.090737
-0.083087
-0.075437
-0.067787
-0.060137
-0.060137
-0.060137
-0.060137
-0.066807
-0.066807
-0.066807
-0.066807
-0.070833
-0.074859
-0.078885
-0.08291
-0.086936
-0.090962
-0.094988
-0.094988
-0.094988
-0.094988
-0.019928
-0.019928
-0.019928
-0.019928
-0.035629
-0.051331
-0.067032
-0.082734
-0.098435
-0.11414
-0.12984
-0.12984
-0.12984
-0.12984
0.021853
0.021853
0.021853
0.021853
0.0017347
-0.018383
-0.038501
-0.05862
-0.078738
-0.098856
-0.11897
-0.11897
-0.11897
-0.11897
0.063633
0.063633
0.063633
0.063633
0.039099
0.014564
-0.0099706
-0.034505
-0.05904
-0.083575
-0.10811
-0.10811
-0.10811
-0.10811
0.10541
0.10541
0.10541
0.10541
0.076463
0.047512
0.01856
-0.010391
-0.039342
-0.068293
-0.097245
-0.097245
-0.097245
-0.097245
0.065201
0.065201
0.065201
0.065201
0.050382
0.035563
0.020745
0.0059261
-0.0088926
-0.023711
-0.03853
-0.03853
-0.03853
-0.03853
0.024987
0.024987
0.024987
0.024987
0.024301
0.023615
0.022929
0.022243
0.021557
0.020871
0.020185
0.020185
0.020185
0.020185
-0.015226
-0.015226
-0.015226
-0.015226
-0.0017795
0.011667
0.025114
0.03856
0.052006
0.065453
0.078899
0.078899
0.078899
0.078899
-0.04313
-0.04313
-0.04313
-0.04313
-0.030721
-0.018311
-0.0059013
0.0065084
0.018918
0.031328
0.043738
0.043738
0.043738
0.043738
-0.071035
-0.071035
-0.071035
-0.071035
-0.059662
-0.048289
-0.036916
-0.025543
-0.01417
-0.0027973
0.0085756
0.0085756
0.0085756
0.0085756
-0.098939
-0.098939
-0.098939
-0.098939
-0.088603
-0.078267
-0.067931
-0.057595
-0.047259
-0.036922
-0.026586
-0.026586
-0.026586
-0.026586
-0.052398
-0.052398
-0.052398
-0.052398
-0.056249
-0.0601
-0.063952
-0.067803
-0.071654
-0.075505
-0.079357
-0.079357
-0.079357
-0.079357
-0.0058558
-0.0058558
-0.0058558
-0.0058558
-0.023895
-0.041933
-0.059972
-0.078011
-0.09605
-0.11409
-0.13213
-0.13213
-0.13213
-0.13213
0.040686
0.040686
0.040686
0.040686
0.0084597
-0.023767
-0.055993
-0.088219
-0.12045
-0.15267
-0.1849
-0.1849
-0.1849
-0.1849
0.10938
0.10938
0.10938
0.10938
0.085887
0.062398
0.038908
0.015419
-0.0080703
-0.03156
-0.055049
-0.055049
-0.055049
-0.055049
0.17807
0.17807
0.17807
0.17807
0.16331
0.14856
0.13381
0.11906
0.1043
0.089552
0.074799
0.074799
0.074799
0.074799
0.24676
0.24676
0.24676
0.24676
0.24074
0.23473
0.22871
0.2227
0.21668
0.21066
0.20465
0.20465
0.20465
0.20465
0.21271
0.21271
0.21271
0.21271
0.22742
0.24213
0.25685
0.27156
0.28627
0.30099
0.3157
0.3157
0.3157
0.3157
0.17866
0.17866
0.17866
0.17866
0.2141
0.24954
0.28498
0.32043
0.35587
0.39131
0.42676
0.42676
0.42676
0.42676
0.14461
0.14461
0.14461
0.14461
0.20078
0.25695
0.31312
0.36929
0.42547
0.48164
0.53781
0.53781
0.53781
0.53781
0.10235
0.10235
0.10235
0.10235
0.14717
0.19198
0.2368
0.28162
0.32644
0.37126
0.41608
0.41608
0.41608
0.41608
0.060089
0.060089
0.060089
0.060089
0.093554
0.12702
0.16048
0.19395
0.22741
0.26088
0.29434
0.29434
0.29434
0.29434
0.017831
0.017831
0.017831
0.017831
0.039943
0.062054
0.084166
0.10628
0.12839
0.1505
0.17261
0.17261
0.17261
0.17261
0.07107
0.07107
0.07107
0.07107
0.080352
0.089633
0.098915
0.1082
0.11748
0.12676
0.13604
0.13604
0.13604
0.13604
0.12431
0.12431
0.12431
0.12431
0.12076
0.11721
0.11366
0.11012
0.10657
0.10302
0.099472
0.099472
0.099472
0.099472
0.17755
0.17755
0.17755
0.17755
0.16117
0.14479
0.12841
0.11204
0.095658
0.07928
0.062902
0.062902
0.062902
0.062902
0.15185
0.15185
0.15185
0.15185
0.13327
0.11469
0.096111
0.077531
0.05895
0.04037
0.021789
0.021789
0.021789
0.021789
0.12616
0.12616
0.12616
0.12616
0.10537
0.084591
0.063808
0.043026
0.022243
0.0014596
-0.019323
-0.019323
-0.019323
-0.019323
0.10046
0.10046
0.10046
0.10046
0.077477
0.054491
0.031506
0.0085203
-0.014465
-0.037451
-0.060436
-0.060436
-0.060436
-0.060436
0.10097
0.10097
0.10097
0.10097
0.079899
0.058829
0.037759
0.016689
-0.0043814
-0.025451
-0.046521
-0.046521
-0.046521
-0.046521
0.10147
0.10147
0.10147
0.10147
0.08232
0.063166
0.044011
0.024857
0.0057025
-0.013452
-0.032606
-0.032606
-0.032606
-0.032606
0.10198
0.10198
0.10198
0.10198
0.084742
0.067503
0.050264
0.033025
0.015786
-0.0014527
-0.018692
-0.018692
-0.018692
-0.018692
0.057111
0.057111
0.057111
0.057111
0.04296
0.02881
0.01466
0.00050943
-0.013641
-0.027791
-0.041941
-0.041941
-0.041941
-0.041941
0.01224
0.01224
0.01224
0.01224
0.0011784
-0.0098832
-0.020945
-0.032006
-0.043068
-0.05413
-0.065191
-0.065191
-0.065191
-0.065191
-0.032631
-0.032631
-0.032631
-0.032631
-0.040603
-0.048576
-0.056549
-0.064522
-0.072495
-0.080468
-0.088441
-0.088441
-0.088441
-0.088441
0.010386
0.010386
0.010386
0.010386
0.0077238
0.0050613
0.0023987
-0.00026384
-0.0029264
-0.0055889
-0.0082515
-0.0082515
-0.0082515
-0.0082515
0.053403
0.053403
0.053403
0.053403
0.056051
0.058699
0.061347
0.063995
0.066642
0.06929
0.071938
0.071938
0.071938
0.071938
0.09642
0.09642
0.09642
0.09642
0.10438
0.11234
0.12029
0.12825
0.13621
0.14417
0.15213
0.15213
0.15213
0.15213
0.17411
0.17411
0.17411
0.17411
0.18272
0.19132
0.19993
0.20853
0.21714
0.22574
0.23435
0.23435
0.23435
0.23435
0.2518
0.2518
0.2518
0.2518
0.26105
0.27031
0.27956
0.28881
0.29806
0.30732
0.31657
0.31657
0.31657
0.31657
0.32949
0.32949
0.32949
0.32949
0.33939
0.34929
0.35919
0.36909
0.37899
0.38889
0.39879
0.39879
0.39879
0.39879
0.32949
0.32949
0.32949
0.32949
0.33939
0.34929
0.35919
0.36909
0.37899
0.38889
0.39879
0.39879
0.39879
0.39879
