-0.73546
-0.3576
0.10873
0.20587
-0.76275
-0.36625
-1.4395
-0.46152
-0.40495
0.43271
-0.29872
0.20955
-0.63076
-0.3612
-0.24724
0.056588
0.16823
0.404
-0.32715
-0.3517
-0.44924
-0.35971
0.0036913
0.28256
0.023078
0.078485
-0.43017
-0.45686
-0.35473
-0.095879
0.26673
0.48822
0.047783
0.0073947
-0.31487
-0.18234
0.18377
0.4452
-0.082814
0.033867
-0.71213
-0.54526
-0.69658
-0.27635
-0.065799
0.25241
-0.16311
-0.19357
-0.056702
-0.1106
0.013418
0.10669
0.074714
0.31388
-0.20023
0.22858
-0.23622
-0.0056445
-0.037824
-0.089405
0.099036
-0.090333
0.10714
0.05936
0.064193
0.16198
0.090129
0.068576
0.04162
-0.020522
0.045359
0.17453
0.074365
0.16046
0.078713
-0.040679
0.022174
0.063855
-0.27658
0.09722
-0.29361
-0.18334
-0.29654
-0.23588
0.029923
0.092575
0.10607
-0.010756
0.18385
-0.069142
0.080254
-0.0073695
-0.1033
0.059024
0.29259
0.15147
-0.019386
-0.088034
0.012312
-0.089726
-0.14932
-0.51867
0.058059
-0.22589
0.26546
0.27212
0.2508
0.24965
0.23264
0.21045
0.22725
0.18878
0.095849
0.063954
-0.13143
-0.16753
-0.13052
-0.16876
0.057192
0.10697
-0.11998
-0.13806
-0.22623
-0.32196
0.04437
0.072317
0.080202
0.16155
-0.13344
0.025023
-0.034669
0.21841
0.0215
0.062184
0.085419
-0.1445
0.062042
-0.24965
0.22879
0.10644
0.11244
-0.076586
-0.032617
-0.072022
-0.22704
-0.049682
-0.017086
-0.00092246
0.31026
-0.11058
0.17972
0.33516
-0.094374
0.61863
0.042589
0.38651
-0.035524
0.12647
-0.13381
0.07936
-0.20415
0.04429
-0.073323
-0.00041273
-0.062004
-0.081369
-0.2478
0.097745
-0.071574
0.15558
0.011582
-0.14326
-0.17513
0.022989
-0.089005
0.30485
-0.089612
0.081839
-0.30168
0.023018
-0.31904
0.054782
-0.11617
-0.3175
0.33123
-0.062711
0.1122
0.14244
-0.084635
-0.15069
0.88179
0.77631
0.053189
0.09742
-0.25222
-0.46389
0.01932
-0.078843
0.04182
0.3448
0.03834
0.43598
0.19805
0.41523
0.048717
0.048543
-0.16909
-0.039422
-0.1429
-0.034433
0.073169
0.054291
0.034774
0.036948
-0.10717
-0.030745
-0.031614
-0.019778
0.10999
0.05033
-0.021297
0.078629
-0.024214
0.11588
0.083488
0.034351
0.12175
-0.0051605
-0.20761
-0.36918
0.012563
0.049049
0.2932
0.21435
0.26081
0.079439
0.12553
0.045765
-0.13029
-0.20164
0.51352
-0.083474
-0.15739
-0.43256
0.21725
-0.23922
0.22012
-0.04059
-0.014295
0.12778
-0.18657
0.006902
-0.19664
0.097776
0.030851
-0.03618
-0.030024
-0.084581
-0.19787
0.20621
-0.14627
0.09035
-0.027549
0.025222
-0.15919
0.091095
-0.16999
0.13614
-0.022895
0.12855
-0.064814
0.027505
-0.20229
0.27684
-0.20402
0.47384
-0.073609
0.19358
-0.052304
-0.4076
0.15819
-0.41315
0.30818
-0.11471
-0.080052
-0.21239
0.16868
0.17833
0.02732
0.090344
0.14714
0.25433
0.084802
-0.095832
0.15572
0.1414
-0.23249
0.14888
-0.067103
-0.042789
-0.1231
-0.16124
-0.15324
-0.15943
0.061304
0.055887
-0.012569
0.13377
-0.06831
0.07269
0.068124
0.07355
0.046601
0.17158
-0.043901
0.10527
-0.011102
0.023826
-0.0073477
0.022819
-0.056387
0.031175
-0.11065
0.0085289
-0.061742
0.021159
0.031502
0.096974
0.053918
0.033359
-0.15718
0.19829
0.15556
0.079837
-0.16838
-0.24399
0.016453
-0.36991
-0.048147
-0.12884
-0.55076
-0.35429
-0.3033
-0.19941
-0.077123
0.080873
-0.206
-0.050471
-0.39232
-0.24941
-0.15068
-0.26266
0.031996
-0.048844
-0.16057
-0.025286
-0.019928
-0.12984
0.10541
-0.097245
-0.015226
0.078899
-0.098939
-0.026586
0.040686
-0.1849
0.24676
0.20465
0.14461
0.53781
0.017831
0.17261
0.17755
0.062902
0.10046
-0.060436
0.10198
-0.018692
-0.032631
-0.088441
0.09642
0.15213
0.32949
0.39879
