-0.735460
-0.735460
-0.735460
-0.735460
-0.681480
-0.627500
-0.573520
-0.519540
-0.465560
-0.411580
-0.357600
-0.357600
-0.357600
-0.357600
-0.735460
-0.735460
-0.735460
-0.735460
-0.681480
-0.627500
-0.573520
-0.519540
-0.465560
-0.411580
-0.357600
-0.357600
-0.357600
-0.357600
-0.454063
-0.454063
-0.454063
-0.454063
-0.413451
-0.372839
-0.332226
-0.291614
-0.251001
-0.210389
-0.169777
-0.169777
-0.169777
-0.169777
-0.172667
-0.172667
-0.172667
-0.172667
-0.145422
-0.118177
-0.090932
-0.063688
-0.036443
-0.009198
0.018047
0.018047
0.018047
0.018047
0.108730
0.108730
0.108730
0.108730
0.122607
0.136484
0.150361
0.164239
0.178116
0.191993
0.205870
0.205870
0.205870
0.205870
-0.181763
-0.181763
-0.181763
-0.181763
-0.153631
-0.125499
-0.097366
-0.069234
-0.041101
-0.012969
0.015163
0.015163
0.015163
0.015163
-0.472257
-0.472257
-0.472257
-0.472257
-0.429869
-0.387482
-0.345094
-0.302706
-0.260319
-0.217931
-0.175543
-0.175543
-0.175543
-0.175543
-0.762750
-0.762750
-0.762750
-0.762750
-0.706107
-0.649464
-0.592821
-0.536179
-0.479536
-0.422893
-0.366250
-0.366250
-0.366250
-0.366250
-0.988333
-0.988333
-0.988333
-0.988333
-0.904001
-0.819669
-0.735336
-0.651004
-0.566671
-0.482339
-0.398007
-0.398007
-0.398007
-0.398007
-1.213917
-1.213917
-1.213917
-1.213917
-1.101895
-0.989873
-0.877851
-0.765829
-0.653807
-0.541785
-0.429763
-0.429763
-0.429763
-0.429763
-1.439500
-1.439500
-1.439500
-1.439500
-1.299789
-1.160077
-1.020366
-0.880654
-0.740943
-0.601231
-0.461520
-0.461520
-0.461520
-0.461520
-1.094650
-1.094650
-1.094650
-1.094650
-0.961620
-0.828591
-0.695561
-0.562532
-0.429502
-0.296473
-0.163443
-0.163443
-0.163443
-0.163443
-0.749800
-0.749800
-0.749800
-0.749800
-0.623452
-0.497105
-0.370757
-0.244409
-0.118062
0.008286
0.134633
0.134633
0.134633
0.134633
-0.404950
-0.404950
-0.404950
-0.404950
-0.285284
-0.165619
-0.045953
0.073713
0.193379
0.313044
0.432710
0.432710
0.432710
0.432710
-0.369540
-0.369540
-0.369540
-0.369540
-0.265560
-0.161579
-0.057599
0.046382
0.150362
0.254343
0.358323
0.358323
0.358323
0.358323
-0.334130
-0.334130
-0.334130
-0.334130
-0.245835
-0.157540
-0.069244
0.019051
0.107346
0.195641
0.283937
0.283937
0.283937
0.283937
-0.298720
-0.298720
-0.298720
-0.298720
-0.226110
-0.153500
-0.080890
-0.008280
0.064330
0.136940
0.209550
0.209550
0.209550
0.209550
-0.409400
-0.409400
-0.409400
-0.409400
-0.348157
-0.286914
-0.225671
-0.164429
-0.103186
-0.041943
0.019300
0.019300
0.019300
0.019300
-0.520080
-0.520080
-0.520080
-0.520080
-0.470204
-0.420329
-0.370453
-0.320577
-0.270702
-0.220826
-0.170950
-0.170950
-0.170950
-0.170950
-0.630760
-0.630760
-0.630760
-0.630760
-0.592251
-0.553743
-0.515234
-0.476726
-0.438217
-0.399709
-0.361200
-0.361200
-0.361200
-0.361200
-0.502920
-0.502920
-0.502920
-0.502920
-0.462780
-0.422639
-0.382499
-0.342358
-0.302218
-0.262078
-0.221937
-0.221937
-0.221937
-0.221937
-0.375080
-0.375080
-0.375080
-0.375080
-0.333308
-0.291535
-0.249763
-0.207991
-0.166219
-0.124447
-0.082675
-0.082675
-0.082675
-0.082675
-0.247240
-0.247240
-0.247240
-0.247240
-0.203836
-0.160432
-0.117028
-0.073624
-0.030220
0.013184
0.056588
0.056588
0.056588
0.056588
-0.108750
-0.108750
-0.108750
-0.108750
-0.068587
-0.028424
0.011739
0.051903
0.092066
0.132229
0.172392
0.172392
0.172392
0.172392
0.029740
0.029740
0.029740
0.029740
0.066662
0.103585
0.140507
0.177429
0.214352
0.251274
0.288196
0.288196
0.288196
0.288196
0.168230
0.168230
0.168230
0.168230
0.201911
0.235593
0.269274
0.302956
0.336637
0.370319
0.404000
0.404000
0.404000
0.404000
0.003103
0.003103
0.003103
0.003103
0.024388
0.045673
0.066959
0.088244
0.109529
0.130814
0.152100
0.152100
0.152100
0.152100
-0.162023
-0.162023
-0.162023
-0.162023
-0.153134
-0.144245
-0.135356
-0.126467
-0.117578
-0.108689
-0.099800
-0.099800
-0.099800
-0.099800
-0.327150
-0.327150
-0.327150
-0.327150
-0.330657
-0.334164
-0.337671
-0.341179
-0.344686
-0.348193
-0.351700
-0.351700
-0.351700
-0.351700
-0.367847
-0.367847
-0.367847
-0.367847
-0.365921
-0.363996
-0.362071
-0.360146
-0.358220
-0.356295
-0.354370
-0.354370
-0.354370
-0.354370
-0.408543
-0.408543
-0.408543
-0.408543
-0.401186
-0.393828
-0.386470
-0.379113
-0.371755
-0.364398
-0.357040
-0.357040
-0.357040
-0.357040
-0.449240
-0.449240
-0.449240
-0.449240
-0.436450
-0.423660
-0.410870
-0.398080
-0.385290
-0.372500
-0.359710
-0.359710
-0.359710
-0.359710
-0.298263
-0.298263
-0.298263
-0.298263
-0.276456
-0.254650
-0.232844
-0.211038
-0.189232
-0.167426
-0.145620
-0.145620
-0.145620
-0.145620
-0.147286
-0.147286
-0.147286
-0.147286
-0.116463
-0.085641
-0.054819
-0.023997
0.006826
0.037648
0.068470
0.068470
0.068470
0.068470
0.003691
0.003691
0.003691
0.003691
0.043530
0.083368
0.123206
0.163045
0.202883
0.242722
0.282560
0.282560
0.282560
0.282560
0.010154
0.010154
0.010154
0.010154
0.039351
0.068548
0.097746
0.126943
0.156140
0.185338
0.214535
0.214535
0.214535
0.214535
0.016616
0.016616
0.016616
0.016616
0.035172
0.053728
0.072285
0.090841
0.109397
0.127954
0.146510
0.146510
0.146510
0.146510
0.023078
0.023078
0.023078
0.023078
0.030993
0.038909
0.046824
0.054739
0.062654
0.070570
0.078485
0.078485
0.078485
0.078485
-0.128005
-0.128005
-0.128005
-0.128005
-0.123999
-0.119993
-0.115987
-0.111981
-0.107975
-0.103970
-0.099964
-0.099964
-0.099964
-0.099964
-0.279087
-0.279087
-0.279087
-0.279087
-0.278991
-0.278894
-0.278798
-0.278701
-0.278605
-0.278508
-0.278412
-0.278412
-0.278412
-0.278412
-0.430170
-0.430170
-0.430170
-0.430170
-0.433983
-0.437796
-0.441609
-0.445421
-0.449234
-0.453047
-0.456860
-0.456860
-0.456860
-0.456860
-0.405023
-0.405023
-0.405023
-0.405023
-0.395239
-0.385455
-0.375670
-0.365886
-0.356101
-0.346317
-0.336533
-0.336533
-0.336533
-0.336533
-0.379877
-0.379877
-0.379877
-0.379877
-0.356495
-0.333114
-0.309732
-0.286350
-0.262969
-0.239587
-0.216206
-0.216206
-0.216206
-0.216206
-0.354730
-0.354730
-0.354730
-0.354730
-0.317751
-0.280773
-0.243794
-0.206815
-0.169836
-0.132858
-0.095879
-0.095879
-0.095879
-0.095879
-0.147576
-0.147576
-0.147576
-0.147576
-0.112377
-0.077177
-0.041977
-0.006778
0.028422
0.063621
0.098821
0.098821
0.098821
0.098821
0.059577
0.059577
0.059577
0.059577
0.092997
0.126418
0.159838
0.193259
0.226679
0.260100
0.293521
0.293521
0.293521
0.293521
0.266730
0.266730
0.266730
0.266730
0.298371
0.330013
0.361654
0.393296
0.424937
0.456579
0.488220
0.488220
0.488220
0.488220
0.193748
0.193748
0.193748
0.193748
0.212919
0.232090
0.251261
0.270432
0.289603
0.308774
0.327945
0.327945
0.327945
0.327945
0.120765
0.120765
0.120765
0.120765
0.127466
0.134167
0.140867
0.147568
0.154268
0.160969
0.167670
0.167670
0.167670
0.167670
0.047783
0.047783
0.047783
0.047783
0.042013
0.036243
0.030474
0.024704
0.018934
0.013164
0.007395
0.007395
0.007395
0.007395
-0.073102
-0.073102
-0.073102
-0.073102
-0.070637
-0.068173
-0.065708
-0.063244
-0.060779
-0.058315
-0.055850
-0.055850
-0.055850
-0.055850
-0.193986
-0.193986
-0.193986
-0.193986
-0.183287
-0.172589
-0.161890
-0.151191
-0.140493
-0.129794
-0.119095
-0.119095
-0.119095
-0.119095
-0.314870
-0.314870
-0.314870
-0.314870
-0.295937
-0.277004
-0.258071
-0.239139
-0.220206
-0.201273
-0.182340
-0.182340
-0.182340
-0.182340
-0.148656
-0.148656
-0.148656
-0.148656
-0.123585
-0.098514
-0.073443
-0.048372
-0.023302
0.001769
0.026840
0.026840
0.026840
0.026840
0.017557
0.017557
0.017557
0.017557
0.048766
0.079975
0.111185
0.142394
0.173603
0.204812
0.236021
0.236021
0.236021
0.236021
0.183770
0.183770
0.183770
0.183770
0.221117
0.258464
0.295811
0.333159
0.370506
0.407853
0.445200
0.445200
0.445200
0.445200
0.094908
0.094908
0.094908
0.094908
0.125363
0.155817
0.186271
0.216726
0.247180
0.277634
0.308089
0.308089
0.308089
0.308089
0.006047
0.006047
0.006047
0.006047
0.029608
0.053170
0.076731
0.100293
0.123854
0.147416
0.170977
0.170977
0.170977
0.170977
-0.082814
-0.082814
-0.082814
-0.082814
-0.066145
-0.049477
-0.032808
-0.016139
0.000530
0.017198
0.033867
0.033867
0.033867
0.033867
-0.292586
-0.292586
-0.292586
-0.292586
-0.273528
-0.254469
-0.235410
-0.216352
-0.197293
-0.178234
-0.159176
-0.159176
-0.159176
-0.159176
-0.502359
-0.502359
-0.502359
-0.502359
-0.480910
-0.459462
-0.438013
-0.416564
-0.395116
-0.373667
-0.352218
-0.352218
-0.352218
-0.352218
-0.712130
-0.712130
-0.712130
-0.712130
-0.688291
-0.664453
-0.640614
-0.616776
-0.592937
-0.569099
-0.545260
-0.545260
-0.545260
-0.545260
-0.706947
-0.706947
-0.706947
-0.706947
-0.671043
-0.635140
-0.599237
-0.563333
-0.527430
-0.491526
-0.455623
-0.455623
-0.455623
-0.455623
-0.701763
-0.701763
-0.701763
-0.701763
-0.653795
-0.605827
-0.557859
-0.509891
-0.461923
-0.413954
-0.365986
-0.365986
-0.365986
-0.365986
-0.696580
-0.696580
-0.696580
-0.696580
-0.636547
-0.576514
-0.516481
-0.456449
-0.396416
-0.336383
-0.276350
-0.276350
-0.276350
-0.276350
-0.486319
-0.486319
-0.486319
-0.486319
-0.431145
-0.375970
-0.320795
-0.265620
-0.210446
-0.155271
-0.100096
-0.100096
-0.100096
-0.100096
-0.276059
-0.276059
-0.276059
-0.276059
-0.225742
-0.175425
-0.125109
-0.074792
-0.024476
0.025841
0.076157
0.076157
0.076157
0.076157
-0.065799
-0.065799
-0.065799
-0.065799
-0.020341
0.025118
0.070576
0.116035
0.161493
0.206952
0.252410
0.252410
0.252410
0.252410
-0.098236
-0.098236
-0.098236
-0.098236
-0.069381
-0.040526
-0.011671
0.017184
0.046039
0.074895
0.103750
0.103750
0.103750
0.103750
-0.130673
-0.130673
-0.130673
-0.130673
-0.118421
-0.106170
-0.093918
-0.081666
-0.069414
-0.057162
-0.044911
-0.044911
-0.044911
-0.044911
-0.163110
-0.163110
-0.163110
-0.163110
-0.167461
-0.171813
-0.176164
-0.180516
-0.184867
-0.189219
-0.193570
-0.193570
-0.193570
-0.193570
-0.163110
-0.163110
-0.163110
-0.163110
-0.167461
-0.171813
-0.176164
-0.180516
-0.184867
-0.189219
-0.193570
-0.193570
-0.193570
-0.193570
-0.056702
-0.056702
-0.056702
-0.056702
-0.064402
-0.072101
-0.079801
-0.087501
-0.095201
-0.102900
-0.110600
-0.110600
-0.110600
-0.110600
-0.056702
-0.056702
-0.056702
-0.056702
-0.064402
-0.072101
-0.079801
-0.087501
-0.095201
-0.102900
-0.110600
-0.110600
-0.110600
-0.110600
-0.033329
-0.033329
-0.033329
-0.033329
-0.034020
-0.034712
-0.035404
-0.036095
-0.036787
-0.037478
-0.038170
-0.038170
-0.038170
-0.038170
-0.009955
-0.009955
-0.009955
-0.009955
-0.003639
0.002678
0.008994
0.015311
0.021627
0.027944
0.034260
0.034260
0.034260
0.034260
0.013418
0.013418
0.013418
0.013418
0.026743
0.040067
0.053392
0.066716
0.080041
0.093365
0.106690
0.106690
0.106690
0.106690
0.033850
0.033850
0.033850
0.033850
0.054122
0.074394
0.094666
0.114938
0.135210
0.155481
0.175753
0.175753
0.175753
0.175753
0.054282
0.054282
0.054282
0.054282
0.081501
0.108720
0.135940
0.163159
0.190378
0.217597
0.244817
0.244817
0.244817
0.244817
0.074714
0.074714
0.074714
0.074714
0.108881
0.143047
0.177214
0.211380
0.245547
0.279713
0.313880
0.313880
0.313880
0.313880
-0.016934
-0.016934
-0.016934
-0.016934
0.026263
0.069460
0.112658
0.155855
0.199052
0.242249
0.285447
0.285447
0.285447
0.285447
-0.108582
-0.108582
-0.108582
-0.108582
-0.056354
-0.004126
0.048102
0.100330
0.152558
0.204785
0.257013
0.257013
0.257013
0.257013
-0.200230
-0.200230
-0.200230
-0.200230
-0.138971
-0.077713
-0.016454
0.044804
0.106063
0.167321
0.228580
0.228580
0.228580
0.228580
-0.212227
-0.212227
-0.212227
-0.212227
-0.160408
-0.108589
-0.056770
-0.004951
0.046867
0.098686
0.150505
0.150505
0.150505
0.150505
-0.224223
-0.224223
-0.224223
-0.224223
-0.181844
-0.139465
-0.097086
-0.054707
-0.012328
0.030051
0.072430
0.072430
0.072430
0.072430
-0.236220
-0.236220
-0.236220
-0.236220
-0.203281
-0.170341
-0.137402
-0.104463
-0.071523
-0.038584
-0.005644
-0.005644
-0.005644
-0.005644
-0.170088
-0.170088
-0.170088
-0.170088
-0.150585
-0.131081
-0.111578
-0.092075
-0.072571
-0.053068
-0.033565
-0.033565
-0.033565
-0.033565
-0.103956
-0.103956
-0.103956
-0.103956
-0.097889
-0.091821
-0.085754
-0.079687
-0.073619
-0.067552
-0.061485
-0.061485
-0.061485
-0.061485
-0.037824
-0.037824
-0.037824
-0.037824
-0.045193
-0.052561
-0.059930
-0.067299
-0.074668
-0.082036
-0.089405
-0.089405
-0.089405
-0.089405
0.007796
0.007796
0.007796
0.007796
-0.006134
-0.020064
-0.033994
-0.047924
-0.061854
-0.075784
-0.089714
-0.089714
-0.089714
-0.089714
0.053416
0.053416
0.053416
0.053416
0.032925
0.012433
-0.008058
-0.028550
-0.049041
-0.069532
-0.090024
-0.090024
-0.090024
-0.090024
0.099036
0.099036
0.099036
0.099036
0.071983
0.044931
0.017878
-0.009175
-0.036228
-0.063280
-0.090333
-0.090333
-0.090333
-0.090333
0.101737
0.101737
0.101737
0.101737
0.081427
0.061117
0.040806
0.020496
0.000185
-0.020125
-0.040435
-0.040435
-0.040435
-0.040435
0.104439
0.104439
0.104439
0.104439
0.090871
0.077303
0.063735
0.050166
0.036598
0.023030
0.009462
0.009462
0.009462
0.009462
0.107140
0.107140
0.107140
0.107140
0.100314
0.093489
0.086663
0.079837
0.073011
0.066186
0.059360
0.059360
0.059360
0.059360
0.092824
0.092824
0.092824
0.092824
0.092930
0.093036
0.093142
0.093249
0.093355
0.093461
0.093567
0.093567
0.093567
0.093567
0.078509
0.078509
0.078509
0.078509
0.085546
0.092584
0.099622
0.106660
0.113698
0.120736
0.127773
0.127773
0.127773
0.127773
0.064193
0.064193
0.064193
0.064193
0.078163
0.092132
0.106102
0.120071
0.134041
0.148010
0.161980
0.161980
0.161980
0.161980
0.072838
0.072838
0.072838
0.072838
0.081125
0.089412
0.097698
0.105985
0.114272
0.122559
0.130845
0.130845
0.130845
0.130845
0.081484
0.081484
0.081484
0.081484
0.084088
0.086691
0.089295
0.091899
0.094503
0.097107
0.099711
0.099711
0.099711
0.099711
0.090129
0.090129
0.090129
0.090129
0.087050
0.083971
0.080892
0.077813
0.074734
0.071655
0.068576
0.068576
0.068576
0.068576
0.073959
0.073959
0.073959
0.073959
0.068947
0.063936
0.058924
0.053912
0.048900
0.043888
0.038877
0.038877
0.038877
0.038877
0.057790
0.057790
0.057790
0.057790
0.050845
0.043900
0.036956
0.030011
0.023067
0.016122
0.009177
0.009177
0.009177
0.009177
0.041620
0.041620
0.041620
0.041620
0.032743
0.023865
0.014988
0.006110
-0.002767
-0.011645
-0.020522
-0.020522
-0.020522
-0.020522
0.042866
0.042866
0.042866
0.042866
0.043099
0.043332
0.043565
0.043797
0.044030
0.044263
0.044495
0.044495
0.044495
0.044495
0.044113
0.044113
0.044113
0.044113
0.053456
0.062798
0.072141
0.081484
0.090827
0.100170
0.109513
0.109513
0.109513
0.109513
0.045359
0.045359
0.045359
0.045359
0.063812
0.082265
0.100718
0.119171
0.137624
0.156077
0.174530
0.174530
0.174530
0.174530
0.055028
0.055028
0.055028
0.055028
0.071429
0.087831
0.104233
0.120635
0.137036
0.153438
0.169840
0.169840
0.169840
0.169840
0.064696
0.064696
0.064696
0.064696
0.079047
0.093397
0.107748
0.122098
0.136449
0.150799
0.165150
0.165150
0.165150
0.165150
0.074365
0.074365
0.074365
0.074365
0.086664
0.098964
0.111263
0.123562
0.135861
0.148161
0.160460
0.160460
0.160460
0.160460
0.075814
0.075814
0.075814
0.075814
0.078329
0.080843
0.083357
0.085871
0.088385
0.090899
0.093414
0.093414
0.093414
0.093414
0.077264
0.077264
0.077264
0.077264
0.069993
0.062722
0.055451
0.048180
0.040909
0.033638
0.026367
0.026367
0.026367
0.026367
0.078713
0.078713
0.078713
0.078713
0.061657
0.044601
0.027545
0.010489
-0.006567
-0.023623
-0.040679
-0.040679
-0.040679
-0.040679
0.059867
0.059867
0.059867
0.059867
0.050481
0.041095
0.031709
0.022323
0.012937
0.003552
-0.005834
-0.005834
-0.005834
-0.005834
0.041020
0.041020
0.041020
0.041020
0.039305
0.037589
0.035873
0.034157
0.032442
0.030726
0.029010
0.029010
0.029010
0.029010
0.022174
0.022174
0.022174
0.022174
0.028128
0.034083
0.040037
0.045992
0.051946
0.057901
0.063855
0.063855
0.063855
0.063855
-0.077411
-0.077411
-0.077411
-0.077411
-0.055641
-0.033872
-0.012102
0.009668
0.031437
0.053207
0.074977
0.074977
0.074977
0.074977
-0.176995
-0.176995
-0.176995
-0.176995
-0.139411
-0.101826
-0.064241
-0.026656
0.010929
0.048514
0.086098
0.086098
0.086098
0.086098
-0.276580
-0.276580
-0.276580
-0.276580
-0.223180
-0.169780
-0.116380
-0.062980
-0.009580
0.043820
0.097220
0.097220
0.097220
0.097220
-0.282257
-0.282257
-0.282257
-0.282257
-0.241406
-0.200555
-0.159704
-0.118853
-0.078002
-0.037151
0.003700
0.003700
0.003700
0.003700
-0.287933
-0.287933
-0.287933
-0.287933
-0.259631
-0.231330
-0.203028
-0.174726
-0.146424
-0.118122
-0.089820
-0.089820
-0.089820
-0.089820
-0.293610
-0.293610
-0.293610
-0.293610
-0.277857
-0.262104
-0.246351
-0.230599
-0.214846
-0.199093
-0.183340
-0.183340
-0.183340
-0.183340
-0.294587
-0.294587
-0.294587
-0.294587
-0.281196
-0.267806
-0.254415
-0.241025
-0.227634
-0.214244
-0.200853
-0.200853
-0.200853
-0.200853
-0.295563
-0.295563
-0.295563
-0.295563
-0.284535
-0.273507
-0.262479
-0.251451
-0.240423
-0.229395
-0.218367
-0.218367
-0.218367
-0.218367
-0.296540
-0.296540
-0.296540
-0.296540
-0.287874
-0.279209
-0.270543
-0.261877
-0.253211
-0.244546
-0.235880
-0.235880
-0.235880
-0.235880
-0.187719
-0.187719
-0.187719
-0.187719
-0.178958
-0.170198
-0.161437
-0.152677
-0.143916
-0.135155
-0.126395
-0.126395
-0.126395
-0.126395
-0.078898
-0.078898
-0.078898
-0.078898
-0.070042
-0.061187
-0.052331
-0.043476
-0.034620
-0.025765
-0.016910
-0.016910
-0.016910
-0.016910
0.029923
0.029923
0.029923
0.029923
0.038873
0.047824
0.056774
0.065724
0.074674
0.083625
0.092575
0.092575
0.092575
0.092575
0.055305
0.055305
0.055305
0.055305
0.055709
0.056113
0.056516
0.056920
0.057324
0.057728
0.058131
0.058131
0.058131
0.058131
0.080688
0.080688
0.080688
0.080688
0.072545
0.064402
0.056259
0.048116
0.039973
0.031830
0.023688
0.023688
0.023688
0.023688
0.106070
0.106070
0.106070
0.106070
0.089381
0.072691
0.056002
0.039312
0.022623
0.005933
-0.010756
-0.010756
-0.010756
-0.010756
0.131997
0.131997
0.131997
0.131997
0.108823
0.085650
0.062476
0.039303
0.016129
-0.007045
-0.030218
-0.030218
-0.030218
-0.030218
0.157923
0.157923
0.157923
0.157923
0.128266
0.098608
0.068950
0.039293
0.009635
-0.020022
-0.049680
-0.049680
-0.049680
-0.049680
0.183850
0.183850
0.183850
0.183850
0.147708
0.111567
0.075425
0.039283
0.003141
-0.033000
-0.069142
-0.069142
-0.069142
-0.069142
0.149318
0.149318
0.149318
0.149318
0.121051
0.092784
0.064517
0.036250
0.007983
-0.020284
-0.048551
-0.048551
-0.048551
-0.048551
0.114786
0.114786
0.114786
0.114786
0.094394
0.074001
0.053609
0.033217
0.012824
-0.007568
-0.027960
-0.027960
-0.027960
-0.027960
0.080254
0.080254
0.080254
0.080254
0.067736
0.055219
0.042701
0.030183
0.017666
0.005148
-0.007370
-0.007370
-0.007370
-0.007370
0.019069
0.019069
0.019069
0.019069
0.018454
0.017839
0.017223
0.016608
0.015992
0.015377
0.014762
0.014762
0.014762
0.014762
-0.042116
-0.042116
-0.042116
-0.042116
-0.030829
-0.019542
-0.008255
0.003032
0.014319
0.025606
0.036893
0.036893
0.036893
0.036893
-0.103300
-0.103300
-0.103300
-0.103300
-0.080111
-0.056922
-0.033733
-0.010543
0.012646
0.035835
0.059024
0.059024
0.059024
0.059024
0.028664
0.028664
0.028664
0.028664
0.037403
0.046142
0.054882
0.063621
0.072361
0.081100
0.089839
0.089839
0.089839
0.089839
0.160627
0.160627
0.160627
0.160627
0.154917
0.149206
0.143496
0.137786
0.132075
0.126365
0.120655
0.120655
0.120655
0.120655
0.292590
0.292590
0.292590
0.292590
0.272430
0.252270
0.232110
0.211950
0.191790
0.171630
0.151470
0.151470
0.151470
0.151470
0.292590
0.292590
0.292590
0.292590
0.272430
0.252270
0.232110
0.211950
0.191790
0.171630
0.151470
0.151470
0.151470
0.151470
-0.019386
-0.019386
-0.019386
-0.019386
-0.029193
-0.039000
-0.048807
-0.058613
-0.068420
-0.078227
-0.088034
-0.088034
-0.088034
-0.088034
-0.019386
-0.019386
-0.019386
-0.019386
-0.029193
-0.039000
-0.048807
-0.058613
-0.068420
-0.078227
-0.088034
-0.088034
-0.088034
-0.088034
-0.008820
-0.008820
-0.008820
-0.008820
-0.020217
-0.031614
-0.043011
-0.054407
-0.065804
-0.077201
-0.088598
-0.088598
-0.088598
-0.088598
0.001746
0.001746
0.001746
0.001746
-0.011241
-0.024228
-0.037215
-0.050201
-0.063188
-0.076175
-0.089162
-0.089162
-0.089162
-0.089162
0.012312
0.012312
0.012312
0.012312
-0.002265
-0.016842
-0.031419
-0.045995
-0.060572
-0.075149
-0.089726
-0.089726
-0.089726
-0.089726
-0.041565
-0.041565
-0.041565
-0.041565
-0.068871
-0.096177
-0.123483
-0.150789
-0.178095
-0.205401
-0.232707
-0.232707
-0.232707
-0.232707
-0.095443
-0.095443
-0.095443
-0.095443
-0.135478
-0.175513
-0.215548
-0.255583
-0.295618
-0.335654
-0.375689
-0.375689
-0.375689
-0.375689
-0.149320
-0.149320
-0.149320
-0.149320
-0.202084
-0.254849
-0.307613
-0.360377
-0.413141
-0.465906
-0.518670
-0.518670
-0.518670
-0.518670
-0.080194
-0.080194
-0.080194
-0.080194
-0.128891
-0.177589
-0.226286
-0.274984
-0.323682
-0.372379
-0.421077
-0.421077
-0.421077
-0.421077
-0.011067
-0.011067
-0.011067
-0.011067
-0.055698
-0.100329
-0.144960
-0.189591
-0.234222
-0.278852
-0.323483
-0.323483
-0.323483
-0.323483
0.058059
0.058059
0.058059
0.058059
0.017495
-0.023069
-0.063633
-0.104198
-0.144762
-0.185326
-0.225890
-0.225890
-0.225890
-0.225890
0.127193
0.127193
0.127193
0.127193
0.100467
0.073741
0.047016
0.020290
-0.006435
-0.033161
-0.059887
-0.059887
-0.059887
-0.059887
0.196326
0.196326
0.196326
0.196326
0.183439
0.170552
0.157665
0.144778
0.131891
0.119004
0.106117
0.106117
0.106117
0.106117
0.265460
0.265460
0.265460
0.265460
0.266411
0.267363
0.268314
0.269266
0.270217
0.271169
0.272120
0.272120
0.272120
0.272120
0.260573
0.260573
0.260573
0.260573
0.261153
0.261732
0.262312
0.262891
0.263471
0.264050
0.264630
0.264630
0.264630
0.264630
0.255687
0.255687
0.255687
0.255687
0.255894
0.256102
0.256310
0.256517
0.256725
0.256932
0.257140
0.257140
0.257140
0.257140
0.250800
0.250800
0.250800
0.250800
0.250636
0.250471
0.250307
0.250143
0.249979
0.249814
0.249650
0.249650
0.249650
0.249650
0.244747
0.244747
0.244747
0.244747
0.243580
0.242414
0.241248
0.240082
0.238916
0.237750
0.236583
0.236583
0.236583
0.236583
0.238693
0.238693
0.238693
0.238693
0.236525
0.234357
0.232189
0.230021
0.227853
0.225685
0.223517
0.223517
0.223517
0.223517
0.232640
0.232640
0.232640
0.232640
0.229470
0.226300
0.223130
0.219960
0.216790
0.213620
0.210450
0.210450
0.210450
0.210450
0.230843
0.230843
0.230843
0.230843
0.226898
0.222953
0.219008
0.215062
0.211117
0.207172
0.203227
0.203227
0.203227
0.203227
0.229047
0.229047
0.229047
0.229047
0.224326
0.219606
0.214885
0.210165
0.205444
0.200724
0.196003
0.196003
0.196003
0.196003
0.227250
0.227250
0.227250
0.227250
0.221754
0.216259
0.210763
0.205267
0.199771
0.194276
0.188780
0.188780
0.188780
0.188780
0.183450
0.183450
0.183450
0.183450
0.178267
0.173084
0.167902
0.162719
0.157537
0.152354
0.147171
0.147171
0.147171
0.147171
0.139649
0.139649
0.139649
0.139649
0.134780
0.129910
0.125041
0.120171
0.115302
0.110432
0.105563
0.105563
0.105563
0.105563
0.095849
0.095849
0.095849
0.095849
0.091293
0.086736
0.082180
0.077623
0.073067
0.068510
0.063954
0.063954
0.063954
0.063954
0.020089
0.020089
0.020089
0.020089
0.015333
0.010576
0.005819
0.001063
-0.003694
-0.008451
-0.013207
-0.013207
-0.013207
-0.013207
-0.055670
-0.055670
-0.055670
-0.055670
-0.060627
-0.065584
-0.070541
-0.075498
-0.080455
-0.085412
-0.090369
-0.090369
-0.090369
-0.090369
-0.131430
-0.131430
-0.131430
-0.131430
-0.136587
-0.141744
-0.146901
-0.152059
-0.157216
-0.162373
-0.167530
-0.167530
-0.167530
-0.167530
-0.131127
-0.131127
-0.131127
-0.131127
-0.136386
-0.141645
-0.146904
-0.152163
-0.157422
-0.162681
-0.167940
-0.167940
-0.167940
-0.167940
-0.130823
-0.130823
-0.130823
-0.130823
-0.136184
-0.141545
-0.146906
-0.152267
-0.157628
-0.162989
-0.168350
-0.168350
-0.168350
-0.168350
-0.130520
-0.130520
-0.130520
-0.130520
-0.135983
-0.141446
-0.146909
-0.152371
-0.157834
-0.163297
-0.168760
-0.168760
-0.168760
-0.168760
-0.067949
-0.067949
-0.067949
-0.067949
-0.069221
-0.070492
-0.071764
-0.073035
-0.074307
-0.075578
-0.076850
-0.076850
-0.076850
-0.076850
-0.005379
-0.005379
-0.005379
-0.005379
-0.002459
0.000461
0.003381
0.006301
0.009220
0.012140
0.015060
0.015060
0.015060
0.015060
0.057192
0.057192
0.057192
0.057192
0.064303
0.071414
0.078525
0.085637
0.092748
0.099859
0.106970
0.106970
0.106970
0.106970
-0.001865
-0.001865
-0.001865
-0.001865
0.002014
0.005894
0.009774
0.013654
0.017534
0.021413
0.025293
0.025293
0.025293
0.025293
-0.060923
-0.060923
-0.060923
-0.060923
-0.060274
-0.059626
-0.058977
-0.058329
-0.057680
-0.057032
-0.056383
-0.056383
-0.056383
-0.056383
-0.119980
-0.119980
-0.119980
-0.119980
-0.122563
-0.125146
-0.127729
-0.130311
-0.132894
-0.135477
-0.138060
-0.138060
-0.138060
-0.138060
-0.155397
-0.155397
-0.155397
-0.155397
-0.161677
-0.167958
-0.174238
-0.180519
-0.186799
-0.193080
-0.199360
-0.199360
-0.199360
-0.199360
-0.190813
-0.190813
-0.190813
-0.190813
-0.200791
-0.210770
-0.220748
-0.230726
-0.240704
-0.250682
-0.260660
-0.260660
-0.260660
-0.260660
-0.226230
-0.226230
-0.226230
-0.226230
-0.239906
-0.253581
-0.267257
-0.280933
-0.294609
-0.308284
-0.321960
-0.321960
-0.321960
-0.321960
-0.136030
-0.136030
-0.136030
-0.136030
-0.143816
-0.151602
-0.159389
-0.167175
-0.174961
-0.182748
-0.190534
-0.190534
-0.190534
-0.190534
-0.045830
-0.045830
-0.045830
-0.045830
-0.047727
-0.049624
-0.051521
-0.053418
-0.055315
-0.057212
-0.059109
-0.059109
-0.059109
-0.059109
0.044370
0.044370
0.044370
0.044370
0.048362
0.052355
0.056347
0.060340
0.064332
0.068325
0.072317
0.072317
0.072317
0.072317
0.056314
0.056314
0.056314
0.056314
0.062849
0.069385
0.075920
0.082455
0.088991
0.095526
0.102061
0.102061
0.102061
0.102061
0.068258
0.068258
0.068258
0.068258
0.077336
0.086414
0.095493
0.104571
0.113649
0.122727
0.131806
0.131806
0.131806
0.131806
0.080202
0.080202
0.080202
0.080202
0.091823
0.103444
0.115065
0.126687
0.138308
0.149929
0.161550
0.161550
0.161550
0.161550
0.008988
0.008988
0.008988
0.008988
0.024281
0.039574
0.054868
0.070161
0.085454
0.100748
0.116041
0.116041
0.116041
0.116041
-0.062226
-0.062226
-0.062226
-0.062226
-0.043261
-0.024295
-0.005330
0.013636
0.032601
0.051567
0.070532
0.070532
0.070532
0.070532
-0.133440
-0.133440
-0.133440
-0.133440
-0.110802
-0.088165
-0.065527
-0.042890
-0.020252
0.002385
0.025023
0.025023
0.025023
0.025023
-0.100516
-0.100516
-0.100516
-0.100516
-0.073373
-0.046230
-0.019087
0.008056
0.035199
0.062342
0.089485
0.089485
0.089485
0.089485
-0.067593
-0.067593
-0.067593
-0.067593
-0.035944
-0.004295
0.027353
0.059002
0.090651
0.122299
0.153948
0.153948
0.153948
0.153948
-0.034669
-0.034669
-0.034669
-0.034669
0.001485
0.037639
0.073793
0.109948
0.146102
0.182256
0.218410
0.218410
0.218410
0.218410
-0.015946
-0.015946
-0.015946
-0.015946
0.010094
0.036134
0.062174
0.088214
0.114254
0.140294
0.166335
0.166335
0.166335
0.166335
0.002777
0.002777
0.002777
0.002777
0.018703
0.034629
0.050555
0.066481
0.082407
0.098333
0.114259
0.114259
0.114259
0.114259
0.021500
0.021500
0.021500
0.021500
0.027312
0.033124
0.038936
0.044748
0.050560
0.056372
0.062184
0.062184
0.062184
0.062184
0.042806
0.042806
0.042806
0.042806
0.035732
0.028659
0.021585
0.014511
0.007437
0.000363
-0.006711
-0.006711
-0.006711
-0.006711
0.064113
0.064113
0.064113
0.064113
0.044153
0.024193
0.004233
-0.015726
-0.035686
-0.055646
-0.075606
-0.075606
-0.075606
-0.075606
0.085419
0.085419
0.085419
0.085419
0.052573
0.019728
-0.013118
-0.045963
-0.078809
-0.111654
-0.144500
-0.144500
-0.144500
-0.144500
0.077627
0.077627
0.077627
0.077627
0.040887
0.004148
-0.032592
-0.069331
-0.106071
-0.142811
-0.179550
-0.179550
-0.179550
-0.179550
0.069834
0.069834
0.069834
0.069834
0.029201
-0.011433
-0.052066
-0.092700
-0.133333
-0.173967
-0.214600
-0.214600
-0.214600
-0.214600
0.062042
0.062042
0.062042
0.062042
0.017515
-0.027013
-0.071540
-0.116068
-0.160595
-0.205123
-0.249650
-0.249650
-0.249650
-0.249650
0.117625
0.117625
0.117625
0.117625
0.082114
0.046603
0.011091
-0.024420
-0.059931
-0.095442
-0.130953
-0.130953
-0.130953
-0.130953
0.173208
0.173208
0.173208
0.173208
0.146713
0.120218
0.093723
0.067228
0.040733
0.014239
-0.012256
-0.012256
-0.012256
-0.012256
0.228790
0.228790
0.228790
0.228790
0.211311
0.193833
0.176354
0.158876
0.141397
0.123919
0.106440
0.106440
0.106440
0.106440
0.190007
0.190007
0.190007
0.190007
0.169353
0.148699
0.128046
0.107392
0.086738
0.066085
0.045431
0.045431
0.045431
0.045431
0.151223
0.151223
0.151223
0.151223
0.127394
0.103566
0.079737
0.055908
0.032080
0.008251
-0.015578
-0.015578
-0.015578
-0.015578
0.112440
0.112440
0.112440
0.112440
0.085436
0.058433
0.031429
0.004425
-0.022579
-0.049582
-0.076586
-0.076586
-0.076586
-0.076586
0.064088
0.064088
0.064088
0.064088
0.044209
0.024330
0.004451
-0.015428
-0.035307
-0.055186
-0.075065
-0.075065
-0.075065
-0.075065
0.015735
0.015735
0.015735
0.015735
0.002981
-0.009773
-0.022527
-0.035281
-0.048035
-0.060789
-0.073543
-0.073543
-0.073543
-0.073543
-0.032617
-0.032617
-0.032617
-0.032617
-0.038246
-0.043876
-0.049505
-0.055134
-0.060763
-0.066393
-0.072022
-0.072022
-0.072022
-0.072022
-0.032617
-0.032617
-0.032617
-0.032617
-0.038246
-0.043876
-0.049505
-0.055134
-0.060763
-0.066393
-0.072022
-0.072022
-0.072022
-0.072022
-0.227040
-0.227040
-0.227040
-0.227040
-0.201703
-0.176366
-0.151029
-0.125693
-0.100356
-0.075019
-0.049682
-0.049682
-0.049682
-0.049682
-0.227040
-0.227040
-0.227040
-0.227040
-0.201703
-0.176366
-0.151029
-0.125693
-0.100356
-0.075019
-0.049682
-0.049682
-0.049682
-0.049682
-0.157055
-0.157055
-0.157055
-0.157055
-0.139394
-0.121733
-0.104073
-0.086412
-0.068751
-0.051090
-0.033429
-0.033429
-0.033429
-0.033429
-0.087071
-0.087071
-0.087071
-0.087071
-0.077086
-0.067101
-0.057116
-0.047131
-0.037146
-0.027161
-0.017176
-0.017176
-0.017176
-0.017176
-0.017086
-0.017086
-0.017086
-0.017086
-0.014777
-0.012468
-0.010159
-0.007850
-0.005541
-0.003232
-0.000922
-0.000922
-0.000922
-0.000922
0.092029
0.092029
0.092029
0.092029
0.073529
0.055028
0.036527
0.018027
-0.000474
-0.018974
-0.037475
-0.037475
-0.037475
-0.037475
0.201145
0.201145
0.201145
0.201145
0.161834
0.122524
0.083214
0.043903
0.004593
-0.034717
-0.074027
-0.074027
-0.074027
-0.074027
0.310260
0.310260
0.310260
0.310260
0.250140
0.190020
0.129900
0.069780
0.009660
-0.050460
-0.110580
-0.110580
-0.110580
-0.110580
0.266747
0.266747
0.266747
0.266747
0.234069
0.201390
0.168712
0.136034
0.103356
0.070678
0.038000
0.038000
0.038000
0.038000
0.223233
0.223233
0.223233
0.223233
0.217997
0.212761
0.207525
0.202289
0.197052
0.191816
0.186580
0.186580
0.186580
0.186580
0.179720
0.179720
0.179720
0.179720
0.201926
0.224131
0.246337
0.268543
0.290749
0.312954
0.335160
0.335160
0.335160
0.335160
0.088355
0.088355
0.088355
0.088355
0.137112
0.185868
0.234624
0.283381
0.332137
0.380894
0.429650
0.429650
0.429650
0.429650
-0.003009
-0.003009
-0.003009
-0.003009
0.072298
0.147605
0.222912
0.298219
0.373526
0.448833
0.524140
0.524140
0.524140
0.524140
-0.094374
-0.094374
-0.094374
-0.094374
0.007484
0.109341
0.211199
0.313057
0.414915
0.516772
0.618630
0.618630
0.618630
0.618630
-0.048720
-0.048720
-0.048720
-0.048720
0.035563
0.119845
0.204127
0.288410
0.372692
0.456974
0.541257
0.541257
0.541257
0.541257
-0.003065
-0.003065
-0.003065
-0.003065
0.063642
0.130349
0.197056
0.263762
0.330469
0.397176
0.463883
0.463883
0.463883
0.463883
0.042589
0.042589
0.042589
0.042589
0.091721
0.140852
0.189984
0.239115
0.288247
0.337378
0.386510
0.386510
0.386510
0.386510
0.016551
0.016551
0.016551
0.016551
0.057020
0.097488
0.137956
0.178425
0.218893
0.259362
0.299830
0.299830
0.299830
0.299830
-0.009486
-0.009486
-0.009486
-0.009486
0.022319
0.054124
0.085929
0.117734
0.149540
0.181345
0.213150
0.213150
0.213150
0.213150
-0.035524
-0.035524
-0.035524
-0.035524
-0.012382
0.010760
0.033902
0.057044
0.080186
0.103328
0.126470
0.126470
0.126470
0.126470
-0.068286
-0.068286
-0.068286
-0.068286
-0.042707
-0.017128
0.008451
0.034030
0.059609
0.085188
0.110767
0.110767
0.110767
0.110767
-0.101048
-0.101048
-0.101048
-0.101048
-0.073032
-0.045016
-0.017000
0.011016
0.039032
0.067047
0.095063
0.095063
0.095063
0.095063
-0.133810
-0.133810
-0.133810
-0.133810
-0.103357
-0.072904
-0.042451
-0.011999
0.018454
0.048907
0.079360
0.079360
0.079360
0.079360
-0.157257
-0.157257
-0.157257
-0.157257
-0.125124
-0.092992
-0.060860
-0.028727
0.003405
0.035538
0.067670
0.067670
0.067670
0.067670
-0.180703
-0.180703
-0.180703
-0.180703
-0.146891
-0.113080
-0.079268
-0.045456
-0.011644
0.022168
0.055980
0.055980
0.055980
0.055980
-0.204150
-0.204150
-0.204150
-0.204150
-0.168659
-0.133167
-0.097676
-0.062184
-0.026693
0.008799
0.044290
0.044290
0.044290
0.044290
-0.160541
-0.160541
-0.160541
-0.160541
-0.133408
-0.106275
-0.079142
-0.052010
-0.024877
0.002256
0.029389
0.029389
0.029389
0.029389
-0.116932
-0.116932
-0.116932
-0.116932
-0.098158
-0.079383
-0.060609
-0.041835
-0.023060
-0.004286
0.014488
0.014488
0.014488
0.014488
-0.073323
-0.073323
-0.073323
-0.073323
-0.062907
-0.052491
-0.042076
-0.031660
-0.021244
-0.010828
-0.000413
-0.000413
-0.000413
-0.000413
-0.069550
-0.069550
-0.069550
-0.069550
-0.063528
-0.057507
-0.051485
-0.045463
-0.039442
-0.033420
-0.027398
-0.027398
-0.027398
-0.027398
-0.065777
-0.065777
-0.065777
-0.065777
-0.064149
-0.062522
-0.060894
-0.059266
-0.057639
-0.056011
-0.054384
-0.054384
-0.054384
-0.054384
-0.062004
-0.062004
-0.062004
-0.062004
-0.064770
-0.067537
-0.070303
-0.073070
-0.075836
-0.078603
-0.081369
-0.081369
-0.081369
-0.081369
-0.123936
-0.123936
-0.123936
-0.123936
-0.109326
-0.094716
-0.080105
-0.065495
-0.050885
-0.036274
-0.021664
-0.021664
-0.021664
-0.021664
-0.185868
-0.185868
-0.185868
-0.185868
-0.153881
-0.121894
-0.089907
-0.057920
-0.025933
0.006053
0.038040
0.038040
0.038040
0.038040
-0.247800
-0.247800
-0.247800
-0.247800
-0.198436
-0.149073
-0.099709
-0.050346
-0.000982
0.048381
0.097745
0.097745
0.097745
0.097745
-0.189058
-0.189058
-0.189058
-0.189058
-0.145332
-0.101606
-0.057880
-0.014154
0.029572
0.073298
0.117023
0.117023
0.117023
0.117023
-0.130316
-0.130316
-0.130316
-0.130316
-0.092228
-0.054139
-0.016051
0.022037
0.060125
0.098213
0.136302
0.136302
0.136302
0.136302
-0.071574
-0.071574
-0.071574
-0.071574
-0.039123
-0.006673
0.025778
0.058228
0.090679
0.123129
0.155580
0.155580
0.155580
0.155580
-0.043855
-0.043855
-0.043855
-0.043855
-0.029595
-0.015335
-0.001075
0.013186
0.027446
0.041706
0.055966
0.055966
0.055966
0.055966
-0.016137
-0.016137
-0.016137
-0.016137
-0.020067
-0.023997
-0.027927
-0.031857
-0.035787
-0.039717
-0.043647
-0.043647
-0.043647
-0.043647
0.011582
0.011582
0.011582
0.011582
-0.010538
-0.032659
-0.054779
-0.076899
-0.099019
-0.121140
-0.143260
-0.143260
-0.143260
-0.143260
-0.050655
-0.050655
-0.050655
-0.050655
-0.055968
-0.061281
-0.066593
-0.071906
-0.077218
-0.082531
-0.087844
-0.087844
-0.087844
-0.087844
-0.112893
-0.112893
-0.112893
-0.112893
-0.101398
-0.089903
-0.078408
-0.066912
-0.055417
-0.043922
-0.032427
-0.032427
-0.032427
-0.032427
-0.175130
-0.175130
-0.175130
-0.175130
-0.146827
-0.118525
-0.090222
-0.061919
-0.033616
-0.005314
0.022989
0.022989
0.022989
0.022989
-0.146422
-0.146422
-0.146422
-0.146422
-0.108798
-0.071175
-0.033551
0.004072
0.041696
0.079319
0.116943
0.116943
0.116943
0.116943
-0.117713
-0.117713
-0.117713
-0.117713
-0.070769
-0.023825
0.023119
0.070064
0.117008
0.163952
0.210896
0.210896
0.210896
0.210896
-0.089005
-0.089005
-0.089005
-0.089005
-0.032740
0.023525
0.079790
0.136055
0.192320
0.248585
0.304850
0.304850
0.304850
0.304850
-0.089207
-0.089207
-0.089207
-0.089207
-0.043533
0.002141
0.047816
0.093490
0.139164
0.184839
0.230513
0.230513
0.230513
0.230513
-0.089410
-0.089410
-0.089410
-0.089410
-0.054326
-0.019242
0.015841
0.050925
0.086009
0.121092
0.156176
0.156176
0.156176
0.156176
-0.089612
-0.089612
-0.089612
-0.089612
-0.065119
-0.040626
-0.016133
0.008360
0.032853
0.057346
0.081839
0.081839
0.081839
0.081839
-0.160301
-0.160301
-0.160301
-0.160301
-0.128511
-0.096720
-0.064930
-0.033139
-0.001349
0.030441
0.062232
0.062232
0.062232
0.062232
-0.230991
-0.230991
-0.230991
-0.230991
-0.191903
-0.152815
-0.113727
-0.074639
-0.035551
0.003537
0.042625
0.042625
0.042625
0.042625
-0.301680
-0.301680
-0.301680
-0.301680
-0.255295
-0.208909
-0.162524
-0.116138
-0.069753
-0.023367
0.023018
0.023018
0.023018
0.023018
-0.307467
-0.307467
-0.307467
-0.307467
-0.258742
-0.210017
-0.161293
-0.112568
-0.063843
-0.015119
0.033606
0.033606
0.033606
0.033606
-0.313253
-0.313253
-0.313253
-0.313253
-0.262189
-0.211126
-0.160062
-0.108998
-0.057934
-0.006870
0.044194
0.044194
0.044194
0.044194
-0.319040
-0.319040
-0.319040
-0.319040
-0.265637
-0.212234
-0.158831
-0.105427
-0.052024
0.001379
0.054782
0.054782
0.054782
0.054782
-0.251417
-0.251417
-0.251417
-0.251417
-0.225402
-0.199387
-0.173372
-0.147357
-0.121342
-0.095327
-0.069312
-0.069312
-0.069312
-0.069312
-0.183793
-0.183793
-0.183793
-0.183793
-0.185166
-0.186540
-0.187913
-0.189286
-0.190660
-0.192033
-0.193406
-0.193406
-0.193406
-0.193406
-0.116170
-0.116170
-0.116170
-0.116170
-0.144931
-0.173693
-0.202454
-0.231216
-0.259977
-0.288739
-0.317500
-0.317500
-0.317500
-0.317500
0.032964
0.032964
0.032964
0.032964
-0.004970
-0.042903
-0.080837
-0.118770
-0.156703
-0.194637
-0.232570
-0.232570
-0.232570
-0.232570
0.182097
0.182097
0.182097
0.182097
0.134992
0.087887
0.040781
-0.006324
-0.053430
-0.100535
-0.147640
-0.147640
-0.147640
-0.147640
0.331230
0.331230
0.331230
0.331230
0.274953
0.218675
0.162398
0.106121
0.049844
-0.006434
-0.062711
-0.062711
-0.062711
-0.062711
0.258220
0.258220
0.258220
0.258220
0.222142
0.186064
0.149985
0.113907
0.077829
0.041751
0.005673
0.005673
0.005673
0.005673
0.185210
0.185210
0.185210
0.185210
0.169331
0.153452
0.137573
0.121694
0.105815
0.089936
0.074057
0.074057
0.074057
0.074057
0.112200
0.112200
0.112200
0.112200
0.116520
0.120840
0.125160
0.129480
0.133800
0.138120
0.142440
0.142440
0.142440
0.142440
0.046588
0.046588
0.046588
0.046588
0.046323
0.046057
0.045792
0.045526
0.045261
0.044995
0.044730
0.044730
0.044730
0.044730
-0.019024
-0.019024
-0.019024
-0.019024
-0.023875
-0.028726
-0.033576
-0.038427
-0.043278
-0.048129
-0.052980
-0.052980
-0.052980
-0.052980
-0.084635
-0.084635
-0.084635
-0.084635
-0.094071
-0.103508
-0.112944
-0.122381
-0.131817
-0.141254
-0.150690
-0.150690
-0.150690
-0.150690
0.237507
0.237507
0.237507
0.237507
0.226193
0.214880
0.203566
0.192252
0.180938
0.169624
0.158311
0.158311
0.158311
0.158311
0.559650
0.559650
0.559650
0.559650
0.546458
0.533267
0.520076
0.506885
0.493694
0.480502
0.467311
0.467311
0.467311
0.467311
0.881790
0.881790
0.881790
0.881790
0.866721
0.851653
0.836584
0.821516
0.806447
0.791379
0.776310
0.776310
0.776310
0.776310
0.881790
0.881790
0.881790
0.881790
0.866721
0.851653
0.836584
0.821516
0.806447
0.791379
0.776310
0.776310
0.776310
0.776310
0.053189
0.053189
0.053189
0.053189
0.059508
0.065826
0.072145
0.078464
0.084783
0.091101
0.097420
0.097420
0.097420
0.097420
0.053189
0.053189
0.053189
0.053189
0.059508
0.065826
0.072145
0.078464
0.084783
0.091101
0.097420
0.097420
0.097420
0.097420
-0.048614
-0.048614
-0.048614
-0.048614
-0.054481
-0.060348
-0.066215
-0.072082
-0.077949
-0.083816
-0.089683
-0.089683
-0.089683
-0.089683
-0.150417
-0.150417
-0.150417
-0.150417
-0.168470
-0.186523
-0.204575
-0.222628
-0.240681
-0.258734
-0.276787
-0.276787
-0.276787
-0.276787
-0.252220
-0.252220
-0.252220
-0.252220
-0.282459
-0.312697
-0.342936
-0.373174
-0.403413
-0.433651
-0.463890
-0.463890
-0.463890
-0.463890
-0.161707
-0.161707
-0.161707
-0.161707
-0.186540
-0.211374
-0.236207
-0.261041
-0.285874
-0.310708
-0.335541
-0.335541
-0.335541
-0.335541
-0.071193
-0.071193
-0.071193
-0.071193
-0.090622
-0.110050
-0.129478
-0.148907
-0.168335
-0.187764
-0.207192
-0.207192
-0.207192
-0.207192
0.019320
0.019320
0.019320
0.019320
0.005297
-0.008727
-0.022750
-0.036773
-0.050796
-0.064820
-0.078843
-0.078843
-0.078843
-0.078843
0.026820
0.026820
0.026820
0.026820
0.031899
0.036978
0.042056
0.047135
0.052214
0.057293
0.062371
0.062371
0.062371
0.062371
0.034320
0.034320
0.034320
0.034320
0.058501
0.082682
0.106862
0.131043
0.155224
0.179405
0.203586
0.203586
0.203586
0.203586
0.041820
0.041820
0.041820
0.041820
0.085103
0.128386
0.171669
0.214951
0.258234
0.301517
0.344800
0.344800
0.344800
0.344800
0.040660
0.040660
0.040660
0.040660
0.088450
0.136241
0.184031
0.231822
0.279612
0.327403
0.375193
0.375193
0.375193
0.375193
0.039500
0.039500
0.039500
0.039500
0.091798
0.144096
0.196394
0.248692
0.300990
0.353289
0.405587
0.405587
0.405587
0.405587
0.038340
0.038340
0.038340
0.038340
0.095146
0.151951
0.208757
0.265563
0.322369
0.379174
0.435980
0.435980
0.435980
0.435980
0.091577
0.091577
0.091577
0.091577
0.139789
0.188001
0.236214
0.284426
0.332639
0.380851
0.429063
0.429063
0.429063
0.429063
0.144813
0.144813
0.144813
0.144813
0.184432
0.224051
0.263671
0.303290
0.342909
0.382528
0.422147
0.422147
0.422147
0.422147
0.198050
0.198050
0.198050
0.198050
0.229076
0.260101
0.291127
0.322153
0.353179
0.384204
0.415230
0.415230
0.415230
0.415230
0.148272
0.148272
0.148272
0.148272
0.168948
0.189623
0.210299
0.230974
0.251650
0.272325
0.293001
0.293001
0.293001
0.293001
0.098495
0.098495
0.098495
0.098495
0.108820
0.119145
0.129471
0.139796
0.150121
0.160447
0.170772
0.170772
0.170772
0.170772
0.048717
0.048717
0.048717
0.048717
0.048692
0.048667
0.048642
0.048618
0.048593
0.048568
0.048543
0.048543
0.048543
0.048543
-0.023885
-0.023885
-0.023885
-0.023885
-0.017727
-0.011569
-0.005411
0.000747
0.006905
0.013063
0.019221
0.019221
0.019221
0.019221
-0.096488
-0.096488
-0.096488
-0.096488
-0.084147
-0.071806
-0.059465
-0.047124
-0.034782
-0.022441
-0.010100
-0.010100
-0.010100
-0.010100
-0.169090
-0.169090
-0.169090
-0.169090
-0.150566
-0.132042
-0.113518
-0.094994
-0.076470
-0.057946
-0.039422
-0.039422
-0.039422
-0.039422
-0.160360
-0.160360
-0.160360
-0.160360
-0.142846
-0.125331
-0.107817
-0.090302
-0.072788
-0.055273
-0.037759
-0.037759
-0.037759
-0.037759
-0.151630
-0.151630
-0.151630
-0.151630
-0.135125
-0.118620
-0.102115
-0.085611
-0.069106
-0.052601
-0.036096
-0.036096
-0.036096
-0.036096
-0.142900
-0.142900
-0.142900
-0.142900
-0.127405
-0.111909
-0.096414
-0.080919
-0.065424
-0.049928
-0.034433
-0.034433
-0.034433
-0.034433
-0.070877
-0.070877
-0.070877
-0.070877
-0.061446
-0.052014
-0.042583
-0.033152
-0.023721
-0.014290
-0.004858
-0.004858
-0.004858
-0.004858
0.001146
0.001146
0.001146
0.001146
0.004513
0.007880
0.011248
0.014615
0.017982
0.021349
0.024716
0.024716
0.024716
0.024716
0.073169
0.073169
0.073169
0.073169
0.070472
0.067775
0.065078
0.062382
0.059685
0.056988
0.054291
0.054291
0.054291
0.054291
0.060371
0.060371
0.060371
0.060371
0.058676
0.056982
0.055288
0.053593
0.051899
0.050204
0.048510
0.048510
0.048510
0.048510
0.047572
0.047572
0.047572
0.047572
0.046880
0.046189
0.045497
0.044805
0.044113
0.043421
0.042729
0.042729
0.042729
0.042729
0.034774
0.034774
0.034774
0.034774
0.035085
0.035395
0.035706
0.036016
0.036327
0.036637
0.036948
0.036948
0.036948
0.036948
-0.012541
-0.012541
-0.012541
-0.012541
-0.008694
-0.004848
-0.001002
0.002845
0.006691
0.010537
0.014384
0.014384
0.014384
0.014384
-0.059855
-0.059855
-0.059855
-0.059855
-0.052473
-0.045091
-0.037709
-0.030327
-0.022945
-0.015563
-0.008181
-0.008181
-0.008181
-0.008181
-0.107170
-0.107170
-0.107170
-0.107170
-0.096252
-0.085334
-0.074416
-0.063499
-0.052581
-0.041663
-0.030745
-0.030745
-0.030745
-0.030745
-0.081985
-0.081985
-0.081985
-0.081985
-0.074142
-0.066300
-0.058458
-0.050616
-0.042774
-0.034932
-0.027089
-0.027089
-0.027089
-0.027089
-0.056799
-0.056799
-0.056799
-0.056799
-0.052033
-0.047266
-0.042500
-0.037733
-0.032967
-0.028200
-0.023434
-0.023434
-0.023434
-0.023434
-0.031614
-0.031614
-0.031614
-0.031614
-0.029923
-0.028232
-0.026541
-0.024851
-0.023160
-0.021469
-0.019778
-0.019778
-0.019778
-0.019778
0.015587
0.015587
0.015587
0.015587
0.013874
0.012160
0.010446
0.008733
0.007019
0.005305
0.003591
0.003591
0.003591
0.003591
0.062789
0.062789
0.062789
0.062789
0.057670
0.052552
0.047434
0.042316
0.037197
0.032079
0.026961
0.026961
0.026961
0.026961
0.109990
0.109990
0.109990
0.109990
0.101467
0.092944
0.084421
0.075899
0.067376
0.058853
0.050330
0.050330
0.050330
0.050330
0.066228
0.066228
0.066228
0.066228
0.065304
0.064381
0.063457
0.062534
0.061610
0.060687
0.059763
0.059763
0.059763
0.059763
0.022465
0.022465
0.022465
0.022465
0.029141
0.035817
0.042493
0.049169
0.055844
0.062520
0.069196
0.069196
0.069196
0.069196
-0.021297
-0.021297
-0.021297
-0.021297
-0.007022
0.007253
0.021528
0.035804
0.050079
0.064354
0.078629
0.078629
0.078629
0.078629
-0.022269
-0.022269
-0.022269
-0.022269
-0.006081
0.010106
0.026294
0.042482
0.058670
0.074858
0.091046
0.091046
0.091046
0.091046
-0.023242
-0.023242
-0.023242
-0.023242
-0.005141
0.012960
0.031060
0.049161
0.067262
0.085362
0.103463
0.103463
0.103463
0.103463
-0.024214
-0.024214
-0.024214
-0.024214
-0.004201
0.015813
0.035826
0.055840
0.075853
0.095867
0.115880
0.115880
0.115880
0.115880
0.011687
0.011687
0.011687
0.011687
0.022689
0.033692
0.044694
0.055696
0.066699
0.077701
0.088704
0.088704
0.088704
0.088704
0.047587
0.047587
0.047587
0.047587
0.049579
0.051570
0.053562
0.055553
0.057544
0.059536
0.061527
0.061527
0.061527
0.061527
0.083488
0.083488
0.083488
0.083488
0.076468
0.069449
0.062429
0.055410
0.048390
0.041371
0.034351
0.034351
0.034351
0.034351
0.096242
0.096242
0.096242
0.096242
0.085519
0.074796
0.064073
0.053350
0.042627
0.031904
0.021180
0.021180
0.021180
0.021180
0.108996
0.108996
0.108996
0.108996
0.094569
0.080143
0.065716
0.051290
0.036863
0.022437
0.008010
0.008010
0.008010
0.008010
0.121750
0.121750
0.121750
0.121750
0.103620
0.085490
0.067360
0.049230
0.031100
0.012970
-0.005160
-0.005160
-0.005160
-0.005160
0.011963
0.011963
0.011963
0.011963
-0.007817
-0.027598
-0.047378
-0.067159
-0.086940
-0.106720
-0.126501
-0.126501
-0.126501
-0.126501
-0.097824
-0.097824
-0.097824
-0.097824
-0.119255
-0.140686
-0.162117
-0.183548
-0.204979
-0.226410
-0.247841
-0.247841
-0.247841
-0.247841
-0.207610
-0.207610
-0.207610
-0.207610
-0.230691
-0.253773
-0.276854
-0.299936
-0.323017
-0.346099
-0.369180
-0.369180
-0.369180
-0.369180
-0.134219
-0.134219
-0.134219
-0.134219
-0.147869
-0.161519
-0.175169
-0.188820
-0.202470
-0.216120
-0.229770
-0.229770
-0.229770
-0.229770
-0.060828
-0.060828
-0.060828
-0.060828
-0.065047
-0.069266
-0.073484
-0.077703
-0.081922
-0.086141
-0.090360
-0.090360
-0.090360
-0.090360
0.012563
0.012563
0.012563
0.012563
0.017775
0.022988
0.028200
0.033412
0.038624
0.043837
0.049049
0.049049
0.049049
0.049049
0.106109
0.106109
0.106109
0.106109
0.105829
0.105549
0.105269
0.104989
0.104709
0.104429
0.104149
0.104149
0.104149
0.104149
0.199655
0.199655
0.199655
0.199655
0.193883
0.188110
0.182338
0.176566
0.170794
0.165022
0.159250
0.159250
0.159250
0.159250
0.293200
0.293200
0.293200
0.293200
0.281936
0.270671
0.259407
0.248143
0.236879
0.225614
0.214350
0.214350
0.214350
0.214350
0.282403
0.282403
0.282403
0.282403
0.266257
0.250111
0.233965
0.217818
0.201672
0.185526
0.169380
0.169380
0.169380
0.169380
0.271607
0.271607
0.271607
0.271607
0.250578
0.229550
0.208522
0.187494
0.166466
0.145437
0.124409
0.124409
0.124409
0.124409
0.260810
0.260810
0.260810
0.260810
0.234900
0.208990
0.183080
0.157169
0.131259
0.105349
0.079439
0.079439
0.079439
0.079439
0.215717
0.215717
0.215717
0.215717
0.194645
0.173573
0.152501
0.131430
0.110358
0.089286
0.068214
0.068214
0.068214
0.068214
0.170623
0.170623
0.170623
0.170623
0.154390
0.138156
0.121923
0.105690
0.089456
0.073223
0.056990
0.056990
0.056990
0.056990
0.125530
0.125530
0.125530
0.125530
0.114135
0.102740
0.091345
0.079950
0.068555
0.057160
0.045765
0.045765
0.045765
0.045765
0.040257
0.040257
0.040257
0.040257
0.029262
0.018268
0.007274
-0.003721
-0.014715
-0.025709
-0.036703
-0.036703
-0.036703
-0.036703
-0.045017
-0.045017
-0.045017
-0.045017
-0.055611
-0.066204
-0.076798
-0.087391
-0.097985
-0.108578
-0.119172
-0.119172
-0.119172
-0.119172
-0.130290
-0.130290
-0.130290
-0.130290
-0.140483
-0.150676
-0.160869
-0.171061
-0.181254
-0.191447
-0.201640
-0.201640
-0.201640
-0.201640
-0.130290
-0.130290
-0.130290
-0.130290
-0.140483
-0.150676
-0.160869
-0.171061
-0.181254
-0.191447
-0.201640
-0.201640
-0.201640
-0.201640
0.513520
0.513520
0.513520
0.513520
0.428235
0.342950
0.257665
0.172381
0.087096
0.001811
-0.083474
-0.083474
-0.083474
-0.083474
0.513520
0.513520
0.513520
0.513520
0.428235
0.342950
0.257665
0.172381
0.087096
0.001811
-0.083474
-0.083474
-0.083474
-0.083474
0.289883
0.289883
0.289883
0.289883
0.219923
0.149964
0.080004
0.010044
-0.059916
-0.129876
-0.199836
-0.199836
-0.199836
-0.199836
0.066247
0.066247
0.066247
0.066247
0.011612
-0.043023
-0.097658
-0.152293
-0.206928
-0.261563
-0.316198
-0.316198
-0.316198
-0.316198
-0.157390
-0.157390
-0.157390
-0.157390
-0.196700
-0.236010
-0.275320
-0.314630
-0.353940
-0.393250
-0.432560
-0.432560
-0.432560
-0.432560
-0.032510
-0.032510
-0.032510
-0.032510
-0.080453
-0.128397
-0.176340
-0.224283
-0.272227
-0.320170
-0.368113
-0.368113
-0.368113
-0.368113
0.092370
0.092370
0.092370
0.092370
0.035793
-0.020783
-0.077360
-0.133937
-0.190513
-0.247090
-0.303667
-0.303667
-0.303667
-0.303667
0.217250
0.217250
0.217250
0.217250
0.152040
0.086830
0.021620
-0.043590
-0.108800
-0.174010
-0.239220
-0.239220
-0.239220
-0.239220
0.218207
0.218207
0.218207
0.218207
0.162319
0.106430
0.050542
-0.005346
-0.061234
-0.117122
-0.173010
-0.173010
-0.173010
-0.173010
0.219163
0.219163
0.219163
0.219163
0.172597
0.126031
0.079465
0.032899
-0.013668
-0.060234
-0.106800
-0.106800
-0.106800
-0.106800
0.220120
0.220120
0.220120
0.220120
0.182876
0.145631
0.108387
0.071143
0.033899
-0.003346
-0.040590
-0.040590
-0.040590
-0.040590
0.141982
0.141982
0.141982
0.141982
0.123918
0.105854
0.087790
0.069725
0.051661
0.033597
0.015533
0.015533
0.015533
0.015533
0.063843
0.063843
0.063843
0.063843
0.064960
0.066076
0.067192
0.068308
0.069424
0.070540
0.071657
0.071657
0.071657
0.071657
-0.014295
-0.014295
-0.014295
-0.014295
0.006001
0.026298
0.046594
0.066891
0.087187
0.107484
0.127780
0.127780
0.127780
0.127780
-0.071720
-0.071720
-0.071720
-0.071720
-0.048976
-0.026232
-0.003488
0.019256
0.042000
0.064743
0.087487
0.087487
0.087487
0.087487
-0.129145
-0.129145
-0.129145
-0.129145
-0.103954
-0.078762
-0.053571
-0.028380
-0.003188
0.022003
0.047195
0.047195
0.047195
0.047195
-0.186570
-0.186570
-0.186570
-0.186570
-0.158931
-0.131292
-0.103653
-0.076015
-0.048376
-0.020737
0.006902
0.006902
0.006902
0.006902
-0.189927
-0.189927
-0.189927
-0.189927
-0.157481
-0.125035
-0.092590
-0.060144
-0.027698
0.004748
0.037193
0.037193
0.037193
0.037193
-0.193283
-0.193283
-0.193283
-0.193283
-0.156031
-0.118778
-0.081526
-0.044273
-0.007020
0.030232
0.067485
0.067485
0.067485
0.067485
-0.196640
-0.196640
-0.196640
-0.196640
-0.154581
-0.112521
-0.070462
-0.028402
0.013657
0.055717
0.097776
0.097776
0.097776
0.097776
-0.120810
-0.120810
-0.120810
-0.120810
-0.095962
-0.071114
-0.046267
-0.021419
0.003429
0.028276
0.053124
0.053124
0.053124
0.053124
-0.044979
-0.044979
-0.044979
-0.044979
-0.037343
-0.029707
-0.022072
-0.014436
-0.006800
0.000836
0.008472
0.008472
0.008472
0.008472
0.030851
0.030851
0.030851
0.030851
0.021275
0.011699
0.002123
-0.007452
-0.017028
-0.026604
-0.036180
-0.036180
-0.036180
-0.036180
0.010559
0.010559
0.010559
0.010559
0.001577
-0.007404
-0.016386
-0.025368
-0.034350
-0.043332
-0.052314
-0.052314
-0.052314
-0.052314
-0.009732
-0.009732
-0.009732
-0.009732
-0.018120
-0.026508
-0.034896
-0.043284
-0.051672
-0.060059
-0.068447
-0.068447
-0.068447
-0.068447
-0.030024
-0.030024
-0.030024
-0.030024
-0.037818
-0.045612
-0.053406
-0.061199
-0.068993
-0.076787
-0.084581
-0.084581
-0.084581
-0.084581
-0.085973
-0.085973
-0.085973
-0.085973
-0.071927
-0.057881
-0.043835
-0.029789
-0.015743
-0.001697
0.012350
0.012350
0.012350
0.012350
-0.141921
-0.141921
-0.141921
-0.141921
-0.106036
-0.070150
-0.034264
0.001622
0.037508
0.073394
0.109280
0.109280
0.109280
0.109280
-0.197870
-0.197870
-0.197870
-0.197870
-0.140144
-0.082419
-0.024693
0.033033
0.090759
0.148484
0.206210
0.206210
0.206210
0.206210
-0.180670
-0.180670
-0.180670
-0.180670
-0.130919
-0.081167
-0.031416
0.018336
0.068087
0.117839
0.167590
0.167590
0.167590
0.167590
-0.163470
-0.163470
-0.163470
-0.163470
-0.121693
-0.079916
-0.038139
0.003639
0.045416
0.087193
0.128970
0.128970
0.128970
0.128970
-0.146270
-0.146270
-0.146270
-0.146270
-0.112467
-0.078664
-0.044861
-0.011059
0.022744
0.056547
0.090350
0.090350
0.090350
0.090350
-0.106696
-0.106696
-0.106696
-0.106696
-0.081648
-0.056600
-0.031552
-0.006504
0.018544
0.043593
0.068641
0.068641
0.068641
0.068641
-0.067123
-0.067123
-0.067123
-0.067123
-0.050829
-0.034536
-0.018242
-0.001949
0.014344
0.030638
0.046931
0.046931
0.046931
0.046931
-0.027549
-0.027549
-0.027549
-0.027549
-0.020010
-0.012472
-0.004933
0.002606
0.010145
0.017683
0.025222
0.025222
0.025222
0.025222
-0.071429
-0.071429
-0.071429
-0.071429
-0.054485
-0.037541
-0.020597
-0.003653
0.013291
0.030236
0.047180
0.047180
0.047180
0.047180
-0.115310
-0.115310
-0.115310
-0.115310
-0.088960
-0.062611
-0.036261
-0.009911
0.016438
0.042788
0.069137
0.069137
0.069137
0.069137
-0.159190
-0.159190
-0.159190
-0.159190
-0.123435
-0.087680
-0.051925
-0.016170
0.019585
0.055340
0.091095
0.091095
0.091095
0.091095
-0.162790
-0.162790
-0.162790
-0.162790
-0.124376
-0.085961
-0.047547
-0.009133
0.029281
0.067696
0.106110
0.106110
0.106110
0.106110
-0.166390
-0.166390
-0.166390
-0.166390
-0.125316
-0.084243
-0.043169
-0.002096
0.038978
0.080051
0.121125
0.121125
0.121125
0.121125
-0.169990
-0.169990
-0.169990
-0.169990
-0.126257
-0.082524
-0.038791
0.004941
0.048674
0.092407
0.136140
0.136140
0.136140
0.136140
-0.120958
-0.120958
-0.120958
-0.120958
-0.084591
-0.048224
-0.011858
0.024509
0.060876
0.097243
0.133610
0.133610
0.133610
0.133610
-0.071927
-0.071927
-0.071927
-0.071927
-0.042926
-0.013925
0.015076
0.044077
0.073078
0.102079
0.131080
0.131080
0.131080
0.131080
-0.022895
-0.022895
-0.022895
-0.022895
-0.001260
0.020375
0.042010
0.063645
0.085280
0.106915
0.128550
0.128550
0.128550
0.128550
-0.036868
-0.036868
-0.036868
-0.036868
-0.018049
0.000771
0.019590
0.038410
0.057229
0.076049
0.094868
0.094868
0.094868
0.094868
-0.050841
-0.050841
-0.050841
-0.050841
-0.034837
-0.018833
-0.002829
0.013175
0.029179
0.045183
0.061187
0.061187
0.061187
0.061187
-0.064814
-0.064814
-0.064814
-0.064814
-0.051626
-0.038437
-0.025249
-0.012060
0.001128
0.014317
0.027505
0.027505
0.027505
0.027505
-0.110639
-0.110639
-0.110639
-0.110639
-0.079031
-0.047423
-0.015815
0.015793
0.047401
0.079009
0.110617
0.110617
0.110617
0.110617
-0.156465
-0.156465
-0.156465
-0.156465
-0.106437
-0.056410
-0.006382
0.043646
0.093673
0.143701
0.193728
0.193728
0.193728
0.193728
-0.202290
-0.202290
-0.202290
-0.202290
-0.133843
-0.065396
0.003051
0.071499
0.139946
0.208393
0.276840
0.276840
0.276840
0.276840
-0.202867
-0.202867
-0.202867
-0.202867
-0.124956
-0.047046
0.030865
0.108775
0.186686
0.264596
0.342507
0.342507
0.342507
0.342507
-0.203443
-0.203443
-0.203443
-0.203443
-0.116069
-0.028696
0.058678
0.146052
0.233426
0.320800
0.408174
0.408174
0.408174
0.408174
-0.204020
-0.204020
-0.204020
-0.204020
-0.107183
-0.010346
0.086491
0.183329
0.280166
0.377003
0.473840
0.473840
0.473840
0.473840
-0.160550
-0.160550
-0.160550
-0.160550
-0.083268
-0.005987
0.071294
0.148576
0.225857
0.303138
0.380420
0.380420
0.380420
0.380420
-0.117079
-0.117079
-0.117079
-0.117079
-0.059354
-0.001628
0.056097
0.113823
0.171549
0.229274
0.287000
0.287000
0.287000
0.287000
-0.073609
-0.073609
-0.073609
-0.073609
-0.035439
0.002731
0.040901
0.079070
0.117240
0.155410
0.193580
0.193580
0.193580
0.193580
-0.066507
-0.066507
-0.066507
-0.066507
-0.057980
-0.049452
-0.040924
-0.032397
-0.023869
-0.015341
-0.006814
-0.006814
-0.006814
-0.006814
-0.059406
-0.059406
-0.059406
-0.059406
-0.080520
-0.101635
-0.122749
-0.143864
-0.164978
-0.186093
-0.207207
-0.207207
-0.207207
-0.207207
-0.052304
-0.052304
-0.052304
-0.052304
-0.103061
-0.153817
-0.204574
-0.255330
-0.306087
-0.356843
-0.407600
-0.407600
-0.407600
-0.407600
0.017861
0.017861
0.017861
0.017861
-0.043184
-0.104228
-0.165272
-0.226317
-0.287361
-0.348406
-0.409450
-0.409450
-0.409450
-0.409450
0.088026
0.088026
0.088026
0.088026
0.016693
-0.054639
-0.125971
-0.197303
-0.268636
-0.339968
-0.411300
-0.411300
-0.411300
-0.411300
0.158190
0.158190
0.158190
0.158190
0.076570
-0.005050
-0.086670
-0.168290
-0.249910
-0.331530
-0.413150
-0.413150
-0.413150
-0.413150
0.208187
0.208187
0.208187
0.208187
0.133636
0.059085
-0.015466
-0.090017
-0.164568
-0.239119
-0.313670
-0.313670
-0.313670
-0.313670
0.258184
0.258184
0.258184
0.258184
0.190702
0.123220
0.055738
-0.011744
-0.079226
-0.146708
-0.214190
-0.214190
-0.214190
-0.214190
0.308180
0.308180
0.308180
0.308180
0.247767
0.187354
0.126941
0.066529
0.006116
-0.054297
-0.114710
-0.114710
-0.114710
-0.114710
0.178769
0.178769
0.178769
0.178769
0.132192
0.085615
0.039038
-0.007539
-0.054116
-0.100693
-0.147270
-0.147270
-0.147270
-0.147270
0.049358
0.049358
0.049358
0.049358
0.016617
-0.016124
-0.048865
-0.081607
-0.114348
-0.147089
-0.179830
-0.179830
-0.179830
-0.179830
-0.080052
-0.080052
-0.080052
-0.080052
-0.098957
-0.117863
-0.136768
-0.155674
-0.174579
-0.193485
-0.212390
-0.212390
-0.212390
-0.212390
0.002859
0.002859
0.002859
0.002859
-0.009285
-0.021429
-0.033573
-0.045718
-0.057862
-0.070006
-0.082150
-0.082150
-0.082150
-0.082150
0.085770
0.085770
0.085770
0.085770
0.080387
0.075004
0.069621
0.064239
0.058856
0.053473
0.048090
0.048090
0.048090
0.048090
0.168680
0.168680
0.168680
0.168680
0.170059
0.171437
0.172816
0.174194
0.175573
0.176951
0.178330
0.178330
0.178330
0.178330
0.168680
0.168680
0.168680
0.168680
0.170059
0.171437
0.172816
0.174194
0.175573
0.176951
0.178330
0.178330
0.178330
0.178330
0.027320
0.027320
0.027320
0.027320
0.036323
0.045327
0.054330
0.063334
0.072337
0.081341
0.090344
0.090344
0.090344
0.090344
0.027320
0.027320
0.027320
0.027320
0.036323
0.045327
0.054330
0.063334
0.072337
0.081341
0.090344
0.090344
0.090344
0.090344
0.067260
0.067260
0.067260
0.067260
0.078367
0.089473
0.100580
0.111686
0.122793
0.133899
0.145006
0.145006
0.145006
0.145006
0.107200
0.107200
0.107200
0.107200
0.120410
0.133619
0.146829
0.160039
0.173249
0.186458
0.199668
0.199668
0.199668
0.199668
0.147140
0.147140
0.147140
0.147140
0.162453
0.177766
0.193079
0.208391
0.223704
0.239017
0.254330
0.254330
0.254330
0.254330
0.126361
0.126361
0.126361
0.126361
0.127968
0.129575
0.131182
0.132788
0.134395
0.136002
0.137609
0.137609
0.137609
0.137609
0.105581
0.105581
0.105581
0.105581
0.093482
0.081383
0.069284
0.057186
0.045087
0.032988
0.020889
0.020889
0.020889
0.020889
0.084802
0.084802
0.084802
0.084802
0.058997
0.033192
0.007387
-0.018417
-0.044222
-0.070027
-0.095832
-0.095832
-0.095832
-0.095832
0.108441
0.108441
0.108441
0.108441
0.090556
0.072671
0.054786
0.036901
0.019016
0.001130
-0.016755
-0.016755
-0.016755
-0.016755
0.132081
0.132081
0.132081
0.132081
0.122115
0.112150
0.102184
0.092219
0.082254
0.072288
0.062323
0.062323
0.062323
0.062323
0.155720
0.155720
0.155720
0.155720
0.153674
0.151629
0.149583
0.147537
0.145491
0.143446
0.141400
0.141400
0.141400
0.141400
0.026317
0.026317
0.026317
0.026317
0.043113
0.059910
0.076707
0.093503
0.110300
0.127097
0.143893
0.143893
0.143893
0.143893
-0.103087
-0.103087
-0.103087
-0.103087
-0.067448
-0.031809
0.003830
0.039470
0.075109
0.110748
0.146387
0.146387
0.146387
0.146387
-0.232490
-0.232490
-0.232490
-0.232490
-0.178009
-0.123527
-0.069046
-0.014564
0.039917
0.094399
0.148880
0.148880
0.148880
0.148880
-0.177361
-0.177361
-0.177361
-0.177361
-0.139882
-0.102403
-0.064925
-0.027446
0.010033
0.047512
0.084990
0.084990
0.084990
0.084990
-0.122232
-0.122232
-0.122232
-0.122232
-0.101756
-0.081280
-0.060804
-0.040328
-0.019852
0.000625
0.021101
0.021101
0.021101
0.021101
-0.067103
-0.067103
-0.067103
-0.067103
-0.063630
-0.060156
-0.056683
-0.053209
-0.049736
-0.046262
-0.042789
-0.042789
-0.042789
-0.042789
-0.085769
-0.085769
-0.085769
-0.085769
-0.085269
-0.084770
-0.084270
-0.083771
-0.083272
-0.082772
-0.082273
-0.082273
-0.082273
-0.082273
-0.104434
-0.104434
-0.104434
-0.104434
-0.106909
-0.109384
-0.111858
-0.114333
-0.116807
-0.119282
-0.121756
-0.121756
-0.121756
-0.121756
-0.123100
-0.123100
-0.123100
-0.123100
-0.128549
-0.133997
-0.139446
-0.144894
-0.150343
-0.155791
-0.161240
-0.161240
-0.161240
-0.161240
-0.133147
-0.133147
-0.133147
-0.133147
-0.137074
-0.141001
-0.144928
-0.148855
-0.152782
-0.156710
-0.160637
-0.160637
-0.160637
-0.160637
-0.143193
-0.143193
-0.143193
-0.143193
-0.145599
-0.148005
-0.150410
-0.152816
-0.155222
-0.157628
-0.160033
-0.160033
-0.160033
-0.160033
-0.153240
-0.153240
-0.153240
-0.153240
-0.154124
-0.155009
-0.155893
-0.156777
-0.157661
-0.158546
-0.159430
-0.159430
-0.159430
-0.159430
-0.081725
-0.081725
-0.081725
-0.081725
-0.082573
-0.083420
-0.084268
-0.085115
-0.085963
-0.086810
-0.087658
-0.087658
-0.087658
-0.087658
-0.010211
-0.010211
-0.010211
-0.010211
-0.011021
-0.011832
-0.012643
-0.013453
-0.014264
-0.015075
-0.015885
-0.015885
-0.015885
-0.015885
0.061304
0.061304
0.061304
0.061304
0.060530
0.059756
0.058982
0.058209
0.057435
0.056661
0.055887
0.055887
0.055887
0.055887
0.036680
0.036680
0.036680
0.036680
0.043132
0.049585
0.056038
0.062490
0.068943
0.075395
0.081848
0.081848
0.081848
0.081848
0.012055
0.012055
0.012055
0.012055
0.025734
0.039414
0.053093
0.066772
0.080451
0.094130
0.107809
0.107809
0.107809
0.107809
-0.012569
-0.012569
-0.012569
-0.012569
0.008337
0.029242
0.050148
0.071053
0.091959
0.112864
0.133770
0.133770
0.133770
0.133770
-0.031149
-0.031149
-0.031149
-0.031149
-0.010498
0.010153
0.030805
0.051456
0.072107
0.092759
0.113410
0.113410
0.113410
0.113410
-0.049730
-0.049730
-0.049730
-0.049730
-0.029333
-0.008935
0.011462
0.031859
0.052256
0.072653
0.093050
0.093050
0.093050
0.093050
-0.068310
-0.068310
-0.068310
-0.068310
-0.048167
-0.028024
-0.007881
0.012261
0.032404
0.052547
0.072690
0.072690
0.072690
0.072690
-0.022832
-0.022832
-0.022832
-0.022832
-0.009145
0.004542
0.018229
0.031916
0.045603
0.059290
0.072977
0.072977
0.072977
0.072977
0.022646
0.022646
0.022646
0.022646
0.029877
0.037108
0.044339
0.051570
0.058801
0.066032
0.073263
0.073263
0.073263
0.073263
0.068124
0.068124
0.068124
0.068124
0.068899
0.069674
0.070449
0.071225
0.072000
0.072775
0.073550
0.073550
0.073550
0.073550
0.060950
0.060950
0.060950
0.060950
0.067418
0.073886
0.080354
0.086822
0.093290
0.099759
0.106227
0.106227
0.106227
0.106227
0.053775
0.053775
0.053775
0.053775
0.065936
0.078098
0.090259
0.102420
0.114581
0.126742
0.138903
0.138903
0.138903
0.138903
0.046601
0.046601
0.046601
0.046601
0.064455
0.082309
0.100163
0.118018
0.135872
0.153726
0.171580
0.171580
0.171580
0.171580
0.016434
0.016434
0.016434
0.016434
0.035440
0.054446
0.073452
0.092458
0.111464
0.130470
0.149477
0.149477
0.149477
0.149477
-0.013734
-0.013734
-0.013734
-0.013734
0.006424
0.026583
0.046741
0.066899
0.087057
0.107215
0.127373
0.127373
0.127373
0.127373
-0.043901
-0.043901
-0.043901
-0.043901
-0.022591
-0.001281
0.020029
0.041340
0.062650
0.083960
0.105270
0.105270
0.105270
0.105270
-0.032968
-0.032968
-0.032968
-0.032968
-0.017098
-0.001228
0.014642
0.030512
0.046382
0.062252
0.078122
0.078122
0.078122
0.078122
-0.022035
-0.022035
-0.022035
-0.022035
-0.011605
-0.001175
0.009255
0.019684
0.030114
0.040544
0.050974
0.050974
0.050974
0.050974
-0.011102
-0.011102
-0.011102
-0.011102
-0.006112
-0.001123
0.003867
0.008857
0.013847
0.018836
0.023826
0.023826
0.023826
0.023826
-0.009851
-0.009851
-0.009851
-0.009851
-0.005088
-0.000325
0.004438
0.009201
0.013964
0.018727
0.023490
0.023490
0.023490
0.023490
-0.008599
-0.008599
-0.008599
-0.008599
-0.004063
0.000473
0.005010
0.009546
0.014082
0.018618
0.023155
0.023155
0.023155
0.023155
-0.007348
-0.007348
-0.007348
-0.007348
-0.003038
0.001271
0.005581
0.009890
0.014200
0.018509
0.022819
0.022819
0.022819
0.022819
-0.023694
-0.023694
-0.023694
-0.023694
-0.016652
-0.009609
-0.002566
0.004476
0.011519
0.018562
0.025604
0.025604
0.025604
0.025604
-0.040041
-0.040041
-0.040041
-0.040041
-0.030265
-0.020489
-0.010713
-0.000938
0.008838
0.018614
0.028390
0.028390
0.028390
0.028390
-0.056387
-0.056387
-0.056387
-0.056387
-0.043878
-0.031369
-0.018860
-0.006352
0.006157
0.018666
0.031175
0.031175
0.031175
0.031175
-0.074475
-0.074475
-0.074475
-0.074475
-0.060460
-0.046446
-0.032431
-0.018417
-0.004403
0.009612
0.023626
0.023626
0.023626
0.023626
-0.092562
-0.092562
-0.092562
-0.092562
-0.077042
-0.061522
-0.046002
-0.030482
-0.014962
0.000558
0.016078
0.016078
0.016078
0.016078
-0.110650
-0.110650
-0.110650
-0.110650
-0.093624
-0.076599
-0.059573
-0.042548
-0.025522
-0.008497
0.008529
0.008529
0.008529
0.008529
-0.094347
-0.094347
-0.094347
-0.094347
-0.079049
-0.063751
-0.048453
-0.033155
-0.017857
-0.002559
0.012739
0.012739
0.012739
0.012739
-0.078045
-0.078045
-0.078045
-0.078045
-0.064474
-0.050904
-0.037333
-0.023763
-0.010192
0.003378
0.016949
0.016949
0.016949
0.016949
-0.061742
-0.061742
-0.061742
-0.061742
-0.049899
-0.038056
-0.026213
-0.014370
-0.002527
0.009316
0.021159
0.021159
0.021159
0.021159
-0.030661
-0.030661
-0.030661
-0.030661
-0.019648
-0.008635
0.002379
0.013392
0.024405
0.035418
0.046431
0.046431
0.046431
0.046431
0.000421
0.000421
0.000421
0.000421
0.010604
0.020787
0.030970
0.041153
0.051336
0.061519
0.071702
0.071702
0.071702
0.071702
0.031502
0.031502
0.031502
0.031502
0.040855
0.050208
0.059561
0.068915
0.078268
0.087621
0.096974
0.096974
0.096974
0.096974
0.038974
0.038974
0.038974
0.038974
0.044230
0.049487
0.054743
0.060000
0.065256
0.070513
0.075769
0.075769
0.075769
0.075769
0.046446
0.046446
0.046446
0.046446
0.047606
0.048765
0.049925
0.051085
0.052245
0.053404
0.054564
0.054564
0.054564
0.054564
0.053918
0.053918
0.053918
0.053918
0.050981
0.048044
0.045107
0.042170
0.039233
0.036296
0.033359
0.033359
0.033359
0.033359
-0.016448
-0.016448
-0.016448
-0.016448
-0.001479
0.013490
0.028459
0.043429
0.058398
0.073367
0.088336
0.088336
0.088336
0.088336
-0.086814
-0.086814
-0.086814
-0.086814
-0.053939
-0.021064
0.011812
0.044687
0.077563
0.110438
0.143313
0.143313
0.143313
0.143313
-0.157180
-0.157180
-0.157180
-0.157180
-0.106399
-0.055617
-0.004836
0.045946
0.096727
0.147509
0.198290
0.198290
0.198290
0.198290
-0.052933
-0.052933
-0.052933
-0.052933
-0.022685
0.007564
0.037812
0.068060
0.098309
0.128557
0.158806
0.158806
0.158806
0.158806
0.051314
0.051314
0.051314
0.051314
0.061029
0.070744
0.080460
0.090175
0.099890
0.109606
0.119321
0.119321
0.119321
0.119321
0.155560
0.155560
0.155560
0.155560
0.144742
0.133925
0.123107
0.112290
0.101472
0.090655
0.079837
0.079837
0.079837
0.079837
0.047580
0.047580
0.047580
0.047580
0.036768
0.025955
0.015143
0.004331
-0.006481
-0.017293
-0.028106
-0.028106
-0.028106
-0.028106
-0.060400
-0.060400
-0.060400
-0.060400
-0.071207
-0.082014
-0.092821
-0.103628
-0.114434
-0.125241
-0.136048
-0.136048
-0.136048
-0.136048
-0.168380
-0.168380
-0.168380
-0.168380
-0.179181
-0.189983
-0.200784
-0.211586
-0.222387
-0.233189
-0.243990
-0.243990
-0.243990
-0.243990
-0.168380
-0.168380
-0.168380
-0.168380
-0.179181
-0.189983
-0.200784
-0.211586
-0.222387
-0.233189
-0.243990
-0.243990
-0.243990
-0.243990
0.016453
0.016453
0.016453
0.016453
-0.038742
-0.093936
-0.149131
-0.204326
-0.259521
-0.314715
-0.369910
-0.369910
-0.369910
-0.369910
0.016453
0.016453
0.016453
0.016453
-0.038742
-0.093936
-0.149131
-0.204326
-0.259521
-0.314715
-0.369910
-0.369910
-0.369910
-0.369910
-0.005080
-0.005080
-0.005080
-0.005080
-0.045719
-0.086358
-0.126997
-0.167636
-0.208275
-0.248914
-0.289553
-0.289553
-0.289553
-0.289553
-0.026614
-0.026614
-0.026614
-0.026614
-0.052697
-0.078780
-0.104864
-0.130947
-0.157030
-0.183113
-0.209197
-0.209197
-0.209197
-0.209197
-0.048147
-0.048147
-0.048147
-0.048147
-0.059675
-0.071202
-0.082730
-0.094257
-0.105785
-0.117312
-0.128840
-0.128840
-0.128840
-0.128840
-0.215685
-0.215685
-0.215685
-0.215685
-0.214014
-0.212343
-0.210673
-0.209002
-0.207331
-0.205661
-0.203990
-0.203990
-0.203990
-0.203990
-0.383222
-0.383222
-0.383222
-0.383222
-0.368353
-0.353485
-0.338616
-0.323747
-0.308878
-0.294009
-0.279140
-0.279140
-0.279140
-0.279140
-0.550760
-0.550760
-0.550760
-0.550760
-0.522693
-0.494626
-0.466559
-0.438491
-0.410424
-0.382357
-0.354290
-0.354290
-0.354290
-0.354290
-0.468273
-0.468273
-0.468273
-0.468273
-0.444615
-0.420956
-0.397298
-0.373639
-0.349980
-0.326322
-0.302663
-0.302663
-0.302663
-0.302663
-0.385787
-0.385787
-0.385787
-0.385787
-0.366537
-0.347287
-0.328037
-0.308787
-0.289537
-0.270287
-0.251037
-0.251037
-0.251037
-0.251037
-0.303300
-0.303300
-0.303300
-0.303300
-0.288459
-0.273617
-0.258776
-0.243934
-0.229093
-0.214251
-0.199410
-0.199410
-0.199410
-0.199410
-0.227908
-0.227908
-0.227908
-0.227908
-0.210490
-0.193072
-0.175654
-0.158236
-0.140818
-0.123400
-0.105982
-0.105982
-0.105982
-0.105982
-0.152515
-0.152515
-0.152515
-0.152515
-0.132521
-0.112527
-0.092532
-0.072538
-0.052543
-0.032549
-0.012555
-0.012555
-0.012555
-0.012555
-0.077123
-0.077123
-0.077123
-0.077123
-0.054552
-0.031981
-0.009410
0.013160
0.035731
0.058302
0.080873
0.080873
0.080873
0.080873
-0.120082
-0.120082
-0.120082
-0.120082
-0.097629
-0.075175
-0.052722
-0.030268
-0.007815
0.014638
0.037092
0.037092
0.037092
0.037092
-0.163041
-0.163041
-0.163041
-0.163041
-0.140705
-0.118369
-0.096033
-0.073697
-0.051362
-0.029026
-0.006690
-0.006690
-0.006690
-0.006690
-0.206000
-0.206000
-0.206000
-0.206000
-0.183782
-0.161563
-0.139345
-0.117126
-0.094908
-0.072689
-0.050471
-0.050471
-0.050471
-0.050471
-0.268107
-0.268107
-0.268107
-0.268107
-0.246489
-0.224872
-0.203254
-0.181637
-0.160019
-0.138402
-0.116784
-0.116784
-0.116784
-0.116784
-0.330213
-0.330213
-0.330213
-0.330213
-0.309197
-0.288180
-0.267164
-0.246147
-0.225130
-0.204114
-0.183097
-0.183097
-0.183097
-0.183097
-0.392320
-0.392320
-0.392320
-0.392320
-0.371904
-0.351489
-0.331073
-0.310657
-0.290241
-0.269826
-0.249410
-0.249410
-0.249410
-0.249410
-0.311773
-0.311773
-0.311773
-0.311773
-0.303495
-0.295217
-0.286939
-0.278661
-0.270383
-0.262105
-0.253827
-0.253827
-0.253827
-0.253827
-0.231227
-0.231227
-0.231227
-0.231227
-0.235086
-0.238946
-0.242805
-0.246665
-0.250524
-0.254384
-0.258243
-0.258243
-0.258243
-0.258243
-0.150680
-0.150680
-0.150680
-0.150680
-0.166677
-0.182674
-0.198671
-0.214669
-0.230666
-0.246663
-0.262660
-0.262660
-0.262660
-0.262660
-0.089788
-0.089788
-0.089788
-0.089788
-0.104302
-0.118817
-0.133331
-0.147845
-0.162359
-0.176874
-0.191388
-0.191388
-0.191388
-0.191388
-0.028896
-0.028896
-0.028896
-0.028896
-0.041927
-0.054959
-0.067990
-0.081022
-0.094053
-0.107085
-0.120116
-0.120116
-0.120116
-0.120116
0.031996
0.031996
0.031996
0.031996
0.020447
0.008899
-0.002650
-0.014198
-0.025747
-0.037295
-0.048844
-0.048844
-0.048844
-0.048844
-0.032193
-0.032193
-0.032193
-0.032193
-0.033450
-0.034707
-0.035964
-0.037221
-0.038477
-0.039734
-0.040991
-0.040991
-0.040991
-0.040991
-0.096381
-0.096381
-0.096381
-0.096381
-0.087347
-0.078312
-0.069277
-0.060243
-0.051208
-0.042173
-0.033139
-0.033139
-0.033139
-0.033139
-0.160570
-0.160570
-0.160570
-0.160570
-0.141244
-0.121917
-0.102591
-0.083265
-0.063939
-0.044612
-0.025286
-0.025286
-0.025286
-0.025286
-0.113689
-0.113689
-0.113689
-0.113689
-0.106039
-0.098389
-0.090738
-0.083088
-0.075438
-0.067788
-0.060137
-0.060137
-0.060137
-0.060137
-0.066809
-0.066809
-0.066809
-0.066809
-0.070834
-0.074860
-0.078886
-0.082912
-0.086937
-0.090963
-0.094989
-0.094989
-0.094989
-0.094989
-0.019928
-0.019928
-0.019928
-0.019928
-0.035630
-0.051331
-0.067033
-0.082735
-0.098437
-0.114138
-0.129840
-0.129840
-0.129840
-0.129840
0.021851
0.021851
0.021851
0.021851
0.001733
-0.018385
-0.038503
-0.058621
-0.078739
-0.098857
-0.118975
-0.118975
-0.118975
-0.118975
0.063631
0.063631
0.063631
0.063631
0.039096
0.014562
-0.009972
-0.034507
-0.059041
-0.083576
-0.108110
-0.108110
-0.108110
-0.108110
0.105410
0.105410
0.105410
0.105410
0.076459
0.047509
0.018558
-0.010393
-0.039344
-0.068294
-0.097245
-0.097245
-0.097245
-0.097245
0.065198
0.065198
0.065198
0.065198
0.050380
0.035561
0.020743
0.005925
-0.008894
-0.023712
-0.038530
-0.038530
-0.038530
-0.038530
0.024986
0.024986
0.024986
0.024986
0.024300
0.023614
0.022928
0.022242
0.021556
0.020870
0.020184
0.020184
0.020184
0.020184
-0.015226
-0.015226
-0.015226
-0.015226
-0.001780
0.011667
0.025113
0.038560
0.052006
0.065453
0.078899
0.078899
0.078899
0.078899
-0.043130
-0.043130
-0.043130
-0.043130
-0.030721
-0.018311
-0.005901
0.006508
0.018918
0.031328
0.043737
0.043737
0.043737
0.043737
-0.071035
-0.071035
-0.071035
-0.071035
-0.059662
-0.048289
-0.036916
-0.025543
-0.014170
-0.002797
0.008576
0.008576
0.008576
0.008576
-0.098939
-0.098939
-0.098939
-0.098939
-0.088603
-0.078267
-0.067931
-0.057594
-0.047258
-0.036922
-0.026586
-0.026586
-0.026586
-0.026586
-0.052397
-0.052397
-0.052397
-0.052397
-0.056249
-0.060100
-0.063952
-0.067803
-0.071655
-0.075506
-0.079357
-0.079357
-0.079357
-0.079357
-0.005856
-0.005856
-0.005856
-0.005856
-0.023895
-0.041934
-0.059973
-0.078012
-0.096051
-0.114090
-0.132129
-0.132129
-0.132129
-0.132129
0.040686
0.040686
0.040686
0.040686
0.008459
-0.023767
-0.055994
-0.088220
-0.120447
-0.152673
-0.184900
-0.184900
-0.184900
-0.184900
0.109377
0.109377
0.109377
0.109377
0.085888
0.062398
0.038909
0.015419
-0.008071
-0.031560
-0.055050
-0.055050
-0.055050
-0.055050
0.178069
0.178069
0.178069
0.178069
0.163316
0.148563
0.133811
0.119058
0.104305
0.089553
0.074800
0.074800
0.074800
0.074800
0.246760
0.246760
0.246760
0.246760
0.240744
0.234729
0.228713
0.222697
0.216681
0.210666
0.204650
0.204650
0.204650
0.204650
0.212710
0.212710
0.212710
0.212710
0.227423
0.242137
0.256850
0.271563
0.286277
0.300990
0.315704
0.315704
0.315704
0.315704
0.178660
0.178660
0.178660
0.178660
0.214102
0.249545
0.284987
0.320430
0.355872
0.391314
0.426757
0.426757
0.426757
0.426757
0.144610
0.144610
0.144610
0.144610
0.200781
0.256953
0.313124
0.369296
0.425467
0.481639
0.537810
0.537810
0.537810
0.537810
0.102350
0.102350
0.102350
0.102350
0.147168
0.191986
0.236804
0.281622
0.326440
0.371258
0.416076
0.416076
0.416076
0.416076
0.060091
0.060091
0.060091
0.060091
0.093555
0.127020
0.160484
0.193949
0.227414
0.260878
0.294343
0.294343
0.294343
0.294343
0.017831
0.017831
0.017831
0.017831
0.039942
0.062054
0.084165
0.106276
0.128387
0.150499
0.172610
0.172610
0.172610
0.172610
0.071071
0.071071
0.071071
0.071071
0.080352
0.089634
0.098915
0.108196
0.117478
0.126759
0.136041
0.136041
0.136041
0.136041
0.124311
0.124311
0.124311
0.124311
0.120762
0.117214
0.113665
0.110117
0.106568
0.103020
0.099471
0.099471
0.099471
0.099471
0.177550
0.177550
0.177550
0.177550
0.161172
0.144793
0.128415
0.112037
0.095659
0.079280
0.062902
0.062902
0.062902
0.062902
0.151853
0.151853
0.151853
0.151853
0.133273
0.114692
0.096112
0.077531
0.058950
0.040370
0.021789
0.021789
0.021789
0.021789
0.126157
0.126157
0.126157
0.126157
0.105374
0.084591
0.063808
0.043025
0.022242
0.001459
-0.019323
-0.019323
-0.019323
-0.019323
0.100460
0.100460
0.100460
0.100460
0.077475
0.054490
0.031505
0.008519
-0.014466
-0.037451
-0.060436
-0.060436
-0.060436
-0.060436
0.100967
0.100967
0.100967
0.100967
0.079897
0.058827
0.037758
0.016688
-0.004382
-0.025452
-0.046521
-0.046521
-0.046521
-0.046521
0.101473
0.101473
0.101473
0.101473
0.082319
0.063165
0.044010
0.024856
0.005702
-0.013452
-0.032607
-0.032607
-0.032607
-0.032607
0.101980
0.101980
0.101980
0.101980
0.084741
0.067502
0.050263
0.033025
0.015786
-0.001453
-0.018692
-0.018692
-0.018692
-0.018692
0.057110
0.057110
0.057110
0.057110
0.042959
0.028809
0.014659
0.000509
-0.013641
-0.027792
-0.041942
-0.041942
-0.041942
-0.041942
0.012239
0.012239
0.012239
0.012239
0.001178
-0.009884
-0.020945
-0.032007
-0.043068
-0.054130
-0.065191
-0.065191
-0.065191
-0.065191
-0.032631
-0.032631
-0.032631
-0.032631
-0.040604
-0.048577
-0.056550
-0.064522
-0.072495
-0.080468
-0.088441
-0.088441
-0.088441
-0.088441
0.010386
0.010386
0.010386
0.010386
0.007724
0.005061
0.002399
-0.000263
-0.002926
-0.005588
-0.008251
-0.008251
-0.008251
-0.008251
0.053403
0.053403
0.053403
0.053403
0.056051
0.058699
0.061348
0.063996
0.066644
0.069292
0.071940
0.071940
0.071940
0.071940
0.096420
0.096420
0.096420
0.096420
0.104379
0.112337
0.120296
0.128254
0.136213
0.144171
0.152130
0.152130
0.152130
0.152130
0.174110
0.174110
0.174110
0.174110
0.182716
0.191322
0.199927
0.208533
0.217139
0.225744
0.234350
0.234350
0.234350
0.234350
0.251800
0.251800
0.251800
0.251800
0.261053
0.270306
0.279559
0.288812
0.298065
0.307317
0.316570
0.316570
0.316570
0.316570
0.329490
0.329490
0.329490
0.329490
0.339390
0.349290
0.359190
0.369090
0.378990
0.388890
0.398790
0.398790
0.398790
0.398790
0.329490
0.329490
0.329490
0.329490
0.339390
0.349290
0.359190
0.369090
0.378990
0.388890
0.398790
0.398790
0.398790
0.398790
