-0.735460
-0.735460
-0.735460
-0.735460
-0.681480
-0.627500
-0.573520
-0.519540
-0.465560
-0.411580
-0.357600
-0.357600
-0.357600
-0.357600
-0.735460
-0.735460
-0.735460
-0.735460
-0.681480
-0.627500
-0.573520
-0.519540
-0.465560
-0.411580
-0.357600
-0.357600
-0.357600
-0.357600
-0.509207
-0.509207
-0.509207
-0.509207
-0.475787
-0.442367
-0.408947
-0.375527
-0.342107
-0.308687
-0.275267
-0.275267
-0.275267
-0.275267
-0.282955
-0.282955
-0.282955
-0.282955
-0.270094
-0.257234
-0.244374
-0.231514
-0.218654
-0.205793
-0.192933
-0.192933
-0.192933
-0.192933
-0.056702
-0.056702
-0.056702
-0.056702
-0.064402
-0.072101
-0.079801
-0.087501
-0.095201
-0.102900
-0.110600
-0.110600
-0.110600
-0.110600
-0.044263
-0.044263
-0.044263
-0.044263
-0.052665
-0.061068
-0.069470
-0.077872
-0.086274
-0.094676
-0.103078
-0.103078
-0.103078
-0.103078
-0.031825
-0.031825
-0.031825
-0.031825
-0.040929
-0.050034
-0.059138
-0.068243
-0.077347
-0.086452
-0.095556
-0.095556
-0.095556
-0.095556
-0.019386
-0.019386
-0.019386
-0.019386
-0.029193
-0.039000
-0.048807
-0.058613
-0.068420
-0.078227
-0.088034
-0.088034
-0.088034
-0.088034
-0.088604
-0.088604
-0.088604
-0.088604
-0.086696
-0.084789
-0.082881
-0.080973
-0.079065
-0.077158
-0.075250
-0.075250
-0.075250
-0.075250
-0.157822
-0.157822
-0.157822
-0.157822
-0.144200
-0.130577
-0.116955
-0.103333
-0.089711
-0.076088
-0.062466
-0.062466
-0.062466
-0.062466
-0.227040
-0.227040
-0.227040
-0.227040
-0.201703
-0.176366
-0.151029
-0.125693
-0.100356
-0.075019
-0.049682
-0.049682
-0.049682
-0.049682
-0.133630
-0.133630
-0.133630
-0.133630
-0.114633
-0.095635
-0.076638
-0.057640
-0.038643
-0.019645
-0.000648
-0.000648
-0.000648
-0.000648
-0.040221
-0.040221
-0.040221
-0.040221
-0.027563
-0.014904
-0.002246
0.010412
0.023070
0.035728
0.048386
0.048386
0.048386
0.048386
0.053189
0.053189
0.053189
0.053189
0.059508
0.065826
0.072145
0.078464
0.084783
0.091101
0.097420
0.097420
0.097420
0.097420
0.206633
0.206633
0.206633
0.206633
0.182417
0.158201
0.133985
0.109769
0.085554
0.061338
0.037122
0.037122
0.037122
0.037122
0.360076
0.360076
0.360076
0.360076
0.305326
0.250576
0.195825
0.141075
0.086325
0.031574
-0.023176
-0.023176
-0.023176
-0.023176
0.513520
0.513520
0.513520
0.513520
0.428235
0.342950
0.257665
0.172381
0.087096
0.001811
-0.083474
-0.083474
-0.083474
-0.083474
0.351453
0.351453
0.351453
0.351453
0.297598
0.243742
0.189887
0.136032
0.082176
0.028321
-0.025535
-0.025535
-0.025535
-0.025535
0.189387
0.189387
0.189387
0.189387
0.166961
0.144535
0.122109
0.099683
0.077257
0.054831
0.032405
0.032405
0.032405
0.032405
0.027320
0.027320
0.027320
0.027320
0.036323
0.045327
0.054330
0.063334
0.072337
0.081341
0.090344
0.090344
0.090344
0.090344
0.023698
0.023698
0.023698
0.023698
0.011302
-0.001094
-0.013490
-0.025886
-0.038282
-0.050678
-0.063074
-0.063074
-0.063074
-0.063074
0.020075
0.020075
0.020075
0.020075
-0.013720
-0.047515
-0.081311
-0.115106
-0.148901
-0.182697
-0.216492
-0.216492
-0.216492
-0.216492
0.016453
0.016453
0.016453
0.016453
-0.038742
-0.093936
-0.149131
-0.204326
-0.259521
-0.314715
-0.369910
-0.369910
-0.369910
-0.369910
0.047212
0.047212
0.047212
0.047212
0.015041
-0.017129
-0.049300
-0.081471
-0.113642
-0.145813
-0.177983
-0.177983
-0.177983
-0.177983
0.077971
0.077971
0.077971
0.077971
0.068824
0.059677
0.050531
0.041384
0.032237
0.023090
0.013944
0.013944
0.013944
0.013944
0.108730
0.108730
0.108730
0.108730
0.122607
0.136484
0.150361
0.164239
0.178116
0.191993
0.205870
0.205870
0.205870
0.205870
0.076959
0.076959
0.076959
0.076959
0.090652
0.104345
0.118038
0.131731
0.145424
0.159117
0.172810
0.172810
0.172810
0.172810
0.045189
0.045189
0.045189
0.045189
0.058697
0.072206
0.085715
0.099224
0.112732
0.126241
0.139750
0.139750
0.139750
0.139750
0.013418
0.013418
0.013418
0.013418
0.026743
0.040067
0.053392
0.066716
0.080041
0.093365
0.106690
0.106690
0.106690
0.106690
0.013049
0.013049
0.013049
0.013049
0.017073
0.021097
0.025122
0.029146
0.033170
0.037194
0.041218
0.041218
0.041218
0.041218
0.012681
0.012681
0.012681
0.012681
0.007404
0.002128
-0.003149
-0.008425
-0.013701
-0.018978
-0.024254
-0.024254
-0.024254
-0.024254
0.012312
0.012312
0.012312
0.012312
-0.002265
-0.016842
-0.031419
-0.045995
-0.060572
-0.075149
-0.089726
-0.089726
-0.089726
-0.089726
0.002513
0.002513
0.002513
0.002513
-0.006436
-0.015384
-0.024332
-0.033280
-0.042228
-0.051177
-0.060125
-0.060125
-0.060125
-0.060125
-0.007287
-0.007287
-0.007287
-0.007287
-0.010606
-0.013926
-0.017245
-0.020565
-0.023884
-0.027204
-0.030524
-0.030524
-0.030524
-0.030524
-0.017086
-0.017086
-0.017086
-0.017086
-0.014777
-0.012468
-0.010159
-0.007850
-0.005541
-0.003232
-0.000922
-0.000922
-0.000922
-0.000922
-0.095464
-0.095464
-0.095464
-0.095464
-0.104004
-0.112544
-0.121085
-0.129625
-0.138165
-0.146705
-0.155245
-0.155245
-0.155245
-0.155245
-0.173842
-0.173842
-0.173842
-0.173842
-0.193231
-0.212621
-0.232010
-0.251400
-0.270789
-0.290178
-0.309568
-0.309568
-0.309568
-0.309568
-0.252220
-0.252220
-0.252220
-0.252220
-0.282459
-0.312697
-0.342936
-0.373174
-0.403413
-0.433651
-0.463890
-0.463890
-0.463890
-0.463890
-0.220610
-0.220610
-0.220610
-0.220610
-0.253872
-0.287135
-0.320397
-0.353659
-0.386922
-0.420184
-0.453447
-0.453447
-0.453447
-0.453447
-0.189000
-0.189000
-0.189000
-0.189000
-0.225286
-0.261572
-0.297859
-0.334145
-0.370431
-0.406717
-0.443003
-0.443003
-0.443003
-0.443003
-0.157390
-0.157390
-0.157390
-0.157390
-0.196700
-0.236010
-0.275320
-0.314630
-0.353940
-0.393250
-0.432560
-0.432560
-0.432560
-0.432560
-0.055880
-0.055880
-0.055880
-0.055880
-0.076982
-0.098084
-0.119187
-0.140289
-0.161392
-0.182494
-0.203596
-0.203596
-0.203596
-0.203596
0.045630
0.045630
0.045630
0.045630
0.042735
0.039841
0.036946
0.034051
0.031156
0.028262
0.025367
0.025367
0.025367
0.025367
0.147140
0.147140
0.147140
0.147140
0.162453
0.177766
0.193079
0.208391
0.223704
0.239017
0.254330
0.254330
0.254330
0.254330
0.082044
0.082044
0.082044
0.082044
0.088410
0.094776
0.101142
0.107508
0.113874
0.120240
0.126606
0.126606
0.126606
0.126606
0.016949
0.016949
0.016949
0.016949
0.014368
0.011787
0.009206
0.006626
0.004045
0.001464
-0.001117
-0.001117
-0.001117
-0.001117
-0.048147
-0.048147
-0.048147
-0.048147
-0.059675
-0.071202
-0.082730
-0.094257
-0.105785
-0.117312
-0.128840
-0.128840
-0.128840
-0.128840
-0.286348
-0.286348
-0.286348
-0.286348
-0.275153
-0.263957
-0.252761
-0.241565
-0.230369
-0.219173
-0.207977
-0.207977
-0.207977
-0.207977
-0.524549
-0.524549
-0.524549
-0.524549
-0.490630
-0.456710
-0.422791
-0.388872
-0.354952
-0.321033
-0.287113
-0.287113
-0.287113
-0.287113
-0.762750
-0.762750
-0.762750
-0.762750
-0.706107
-0.649464
-0.592821
-0.536179
-0.479536
-0.422893
-0.366250
-0.366250
-0.366250
-0.366250
-0.483595
-0.483595
-0.483595
-0.483595
-0.434444
-0.385293
-0.336143
-0.286992
-0.237841
-0.188690
-0.139540
-0.139540
-0.139540
-0.139540
-0.204440
-0.204440
-0.204440
-0.204440
-0.162781
-0.121122
-0.079464
-0.037805
0.003854
0.045512
0.087171
0.087171
0.087171
0.087171
0.074714
0.074714
0.074714
0.074714
0.108881
0.143047
0.177214
0.211380
0.245547
0.279713
0.313880
0.313880
0.313880
0.313880
0.000036
0.000036
0.000036
0.000036
0.005225
0.010415
0.015605
0.020794
0.025984
0.031173
0.036363
0.036363
0.036363
0.036363
-0.074642
-0.074642
-0.074642
-0.074642
-0.098430
-0.122217
-0.146005
-0.169792
-0.193580
-0.217367
-0.241154
-0.241154
-0.241154
-0.241154
-0.149320
-0.149320
-0.149320
-0.149320
-0.202084
-0.254849
-0.307613
-0.360377
-0.413141
-0.465906
-0.518670
-0.518670
-0.518670
-0.518670
0.003874
0.003874
0.003874
0.003874
-0.051343
-0.106559
-0.161775
-0.216991
-0.272207
-0.327424
-0.382640
-0.382640
-0.382640
-0.382640
0.157067
0.157067
0.157067
0.157067
0.099399
0.041731
-0.015937
-0.073605
-0.131273
-0.188941
-0.246609
-0.246609
-0.246609
-0.246609
0.310260
0.310260
0.310260
0.310260
0.250140
0.190020
0.129900
0.069780
0.009660
-0.050460
-0.110580
-0.110580
-0.110580
-0.110580
0.213280
0.213280
0.213280
0.213280
0.168525
0.123771
0.079017
0.034262
-0.010492
-0.055247
-0.100001
-0.100001
-0.100001
-0.100001
0.116300
0.116300
0.116300
0.116300
0.086911
0.057522
0.028133
-0.001256
-0.030644
-0.060033
-0.089422
-0.089422
-0.089422
-0.089422
0.019320
0.019320
0.019320
0.019320
0.005297
-0.008727
-0.022750
-0.036773
-0.050796
-0.064820
-0.078843
-0.078843
-0.078843
-0.078843
0.085297
0.085297
0.085297
0.085297
0.054211
0.023126
-0.007960
-0.039045
-0.070131
-0.101217
-0.132302
-0.132302
-0.132302
-0.132302
0.151274
0.151274
0.151274
0.151274
0.103126
0.054978
0.006830
-0.041318
-0.089466
-0.137613
-0.185761
-0.185761
-0.185761
-0.185761
0.217250
0.217250
0.217250
0.217250
0.152040
0.086830
0.021620
-0.043590
-0.108800
-0.174010
-0.239220
-0.239220
-0.239220
-0.239220
0.173101
0.173101
0.173101
0.173101
0.121026
0.068951
0.016876
-0.035199
-0.087274
-0.139349
-0.191424
-0.191424
-0.191424
-0.191424
0.128951
0.128951
0.128951
0.128951
0.090011
0.051071
0.012132
-0.026808
-0.065748
-0.104688
-0.143628
-0.143628
-0.143628
-0.143628
0.084802
0.084802
0.084802
0.084802
0.058997
0.033192
0.007387
-0.018417
-0.044222
-0.070027
-0.095832
-0.095832
-0.095832
-0.095832
-0.127052
-0.127052
-0.127052
-0.127052
-0.134900
-0.142747
-0.150595
-0.158442
-0.166290
-0.174137
-0.181985
-0.181985
-0.181985
-0.181985
-0.338907
-0.338907
-0.338907
-0.338907
-0.328797
-0.318687
-0.308577
-0.298467
-0.288357
-0.278248
-0.268138
-0.268138
-0.268138
-0.268138
-0.550760
-0.550760
-0.550760
-0.550760
-0.522693
-0.494626
-0.466559
-0.438491
-0.410424
-0.382357
-0.354290
-0.354290
-0.354290
-0.354290
-0.550760
-0.550760
-0.550760
-0.550760
-0.522693
-0.494626
-0.466559
-0.438491
-0.410424
-0.382357
-0.354290
-0.354290
-0.354290
-0.354290
-1.439500
-1.439500
-1.439500
-1.439500
-1.299789
-1.160077
-1.020366
-0.880654
-0.740943
-0.601231
-0.461520
-0.461520
-0.461520
-0.461520
-1.439500
-1.439500
-1.439500
-1.439500
-1.299789
-1.160077
-1.020366
-0.880654
-0.740943
-0.601231
-0.461520
-0.461520
-0.461520
-0.461520
-1.026410
-1.026410
-1.026410
-1.026410
-0.912850
-0.799289
-0.685729
-0.572168
-0.458608
-0.345047
-0.231487
-0.231487
-0.231487
-0.231487
-0.613320
-0.613320
-0.613320
-0.613320
-0.525910
-0.438501
-0.351091
-0.263682
-0.176272
-0.088863
-0.001453
-0.001453
-0.001453
-0.001453
-0.200230
-0.200230
-0.200230
-0.200230
-0.138971
-0.077713
-0.016454
0.044804
0.106063
0.167321
0.228580
0.228580
0.228580
0.228580
-0.114134
-0.114134
-0.114134
-0.114134
-0.086816
-0.059498
-0.032181
-0.004863
0.022455
0.049772
0.077090
0.077090
0.077090
0.077090
-0.028037
-0.028037
-0.028037
-0.028037
-0.034661
-0.041284
-0.047907
-0.054530
-0.061154
-0.067777
-0.074400
-0.074400
-0.074400
-0.074400
0.058059
0.058059
0.058059
0.058059
0.017495
-0.023069
-0.063633
-0.104198
-0.144762
-0.185326
-0.225890
-0.225890
-0.225890
-0.225890
0.098613
0.098613
0.098613
0.098613
0.078972
0.059331
0.039690
0.020049
0.000408
-0.019232
-0.038873
-0.038873
-0.038873
-0.038873
0.139166
0.139166
0.139166
0.139166
0.140449
0.141731
0.143014
0.144296
0.145579
0.146861
0.148143
0.148143
0.148143
0.148143
0.179720
0.179720
0.179720
0.179720
0.201926
0.224131
0.246337
0.268543
0.290749
0.312954
0.335160
0.335160
0.335160
0.335160
0.133753
0.133753
0.133753
0.133753
0.162985
0.192216
0.221448
0.250679
0.279910
0.309142
0.338373
0.338373
0.338373
0.338373
0.087787
0.087787
0.087787
0.087787
0.124044
0.160301
0.196558
0.232815
0.269072
0.305330
0.341587
0.341587
0.341587
0.341587
0.041820
0.041820
0.041820
0.041820
0.085103
0.128386
0.171669
0.214951
0.258234
0.301517
0.344800
0.344800
0.344800
0.344800
0.101253
0.101253
0.101253
0.101253
0.117694
0.134134
0.150575
0.167015
0.183456
0.199896
0.216337
0.216337
0.216337
0.216337
0.160687
0.160687
0.160687
0.160687
0.150285
0.139883
0.129481
0.119079
0.108677
0.098275
0.087873
0.087873
0.087873
0.087873
0.220120
0.220120
0.220120
0.220120
0.182876
0.145631
0.108387
0.071143
0.033899
-0.003346
-0.040590
-0.040590
-0.040590
-0.040590
0.198653
0.198653
0.198653
0.198653
0.173142
0.147630
0.122119
0.096608
0.071096
0.045585
0.020073
0.020073
0.020073
0.020073
0.177187
0.177187
0.177187
0.177187
0.163408
0.149630
0.135851
0.122072
0.108294
0.094515
0.080737
0.080737
0.080737
0.080737
0.155720
0.155720
0.155720
0.155720
0.153674
0.151629
0.149583
0.147537
0.145491
0.143446
0.141400
0.141400
0.141400
0.141400
0.002713
0.002713
0.002713
0.002713
0.006297
0.009880
0.013463
0.017047
0.020630
0.024213
0.027797
0.027797
0.027797
0.027797
-0.150293
-0.150293
-0.150293
-0.150293
-0.141081
-0.131869
-0.122656
-0.113444
-0.104232
-0.095019
-0.085807
-0.085807
-0.085807
-0.085807
-0.303300
-0.303300
-0.303300
-0.303300
-0.288459
-0.273617
-0.258776
-0.243934
-0.229093
-0.214251
-0.199410
-0.199410
-0.199410
-0.199410
-0.337183
-0.337183
-0.337183
-0.337183
-0.287400
-0.237618
-0.187835
-0.138052
-0.088269
-0.038486
0.011297
0.011297
0.011297
0.011297
-0.371067
-0.371067
-0.371067
-0.371067
-0.286342
-0.201618
-0.116894
-0.032169
0.052555
0.137279
0.222004
0.222004
0.222004
0.222004
-0.404950
-0.404950
-0.404950
-0.404950
-0.285284
-0.165619
-0.045953
0.073713
0.193379
0.313044
0.432710
0.432710
0.432710
0.432710
-0.348707
-0.348707
-0.348707
-0.348707
-0.257950
-0.167193
-0.076436
0.014321
0.105078
0.195835
0.286592
0.286592
0.286592
0.286592
-0.292463
-0.292463
-0.292463
-0.292463
-0.230615
-0.168767
-0.106919
-0.045071
0.016777
0.078625
0.140474
0.140474
0.140474
0.140474
-0.236220
-0.236220
-0.236220
-0.236220
-0.203281
-0.170341
-0.137402
-0.104463
-0.071523
-0.038584
-0.005644
-0.005644
-0.005644
-0.005644
-0.068993
-0.068993
-0.068993
-0.068993
-0.046716
-0.024440
-0.002163
0.020114
0.042390
0.064667
0.086944
0.086944
0.086944
0.086944
0.098234
0.098234
0.098234
0.098234
0.109848
0.121462
0.133076
0.144690
0.156304
0.167918
0.179532
0.179532
0.179532
0.179532
0.265460
0.265460
0.265460
0.265460
0.266411
0.267363
0.268314
0.269266
0.270217
0.271169
0.272120
0.272120
0.272120
0.272120
0.145515
0.145515
0.145515
0.145515
0.180102
0.214689
0.249276
0.283863
0.318450
0.353037
0.387624
0.387624
0.387624
0.387624
0.025571
0.025571
0.025571
0.025571
0.093793
0.162015
0.230238
0.298460
0.366682
0.434904
0.503127
0.503127
0.503127
0.503127
-0.094374
-0.094374
-0.094374
-0.094374
0.007484
0.109341
0.211199
0.313057
0.414915
0.516772
0.618630
0.618630
0.618630
0.618630
-0.050136
-0.050136
-0.050136
-0.050136
0.036704
0.123545
0.210385
0.297226
0.384066
0.470906
0.557747
0.557747
0.557747
0.557747
-0.005898
-0.005898
-0.005898
-0.005898
0.065925
0.137748
0.209571
0.281394
0.353217
0.425040
0.496863
0.496863
0.496863
0.496863
0.038340
0.038340
0.038340
0.038340
0.095146
0.151951
0.208757
0.265563
0.322369
0.379174
0.435980
0.435980
0.435980
0.435980
0.020795
0.020795
0.020795
0.020795
0.065431
0.110067
0.154703
0.199339
0.243975
0.288611
0.333246
0.333246
0.333246
0.333246
0.003250
0.003250
0.003250
0.003250
0.035716
0.068182
0.100649
0.133115
0.165581
0.198047
0.230513
0.230513
0.230513
0.230513
-0.014295
-0.014295
-0.014295
-0.014295
0.006001
0.026298
0.046594
0.066891
0.087187
0.107484
0.127780
0.127780
0.127780
0.127780
-0.087027
-0.087027
-0.087027
-0.087027
-0.055335
-0.023644
0.008048
0.039739
0.071430
0.103122
0.134813
0.134813
0.134813
0.134813
-0.159758
-0.159758
-0.159758
-0.159758
-0.116672
-0.073586
-0.030499
0.012587
0.055674
0.098760
0.141847
0.141847
0.141847
0.141847
-0.232490
-0.232490
-0.232490
-0.232490
-0.178009
-0.123527
-0.069046
-0.014564
0.039917
0.094399
0.148880
0.148880
0.148880
0.148880
-0.180701
-0.180701
-0.180701
-0.180701
-0.136856
-0.093012
-0.049167
-0.005323
0.038522
0.082366
0.126211
0.126211
0.126211
0.126211
-0.128912
-0.128912
-0.128912
-0.128912
-0.095704
-0.062497
-0.029289
0.003919
0.037127
0.070334
0.103542
0.103542
0.103542
0.103542
-0.077123
-0.077123
-0.077123
-0.077123
-0.054552
-0.031981
-0.009410
0.013160
0.035731
0.058302
0.080873
0.080873
0.080873
0.080873
-0.150989
-0.150989
-0.150989
-0.150989
-0.111738
-0.072488
-0.033237
0.006014
0.045264
0.084515
0.123765
0.123765
0.123765
0.123765
-0.224854
-0.224854
-0.224854
-0.224854
-0.168924
-0.112994
-0.057063
-0.001133
0.054797
0.110727
0.166658
0.166658
0.166658
0.166658
-0.298720
-0.298720
-0.298720
-0.298720
-0.226110
-0.153500
-0.080890
-0.008280
0.064330
0.136940
0.209550
0.209550
0.209550
0.209550
-0.211755
-0.211755
-0.211755
-0.211755
-0.165804
-0.119854
-0.073903
-0.027953
0.017997
0.063948
0.109898
0.109898
0.109898
0.109898
-0.124789
-0.124789
-0.124789
-0.124789
-0.105498
-0.086207
-0.066917
-0.047626
-0.028335
-0.009044
0.010246
0.010246
0.010246
0.010246
-0.037824
-0.037824
-0.037824
-0.037824
-0.045193
-0.052561
-0.059930
-0.067299
-0.074668
-0.082036
-0.089405
-0.089405
-0.089405
-0.089405
0.058384
0.058384
0.058384
0.058384
0.053417
0.048450
0.043482
0.038515
0.033548
0.028581
0.023614
0.023614
0.023614
0.023614
0.154592
0.154592
0.154592
0.154592
0.152027
0.149461
0.146895
0.144329
0.141764
0.139198
0.136632
0.136632
0.136632
0.136632
0.250800
0.250800
0.250800
0.250800
0.250636
0.250471
0.250307
0.250143
0.249979
0.249814
0.249650
0.249650
0.249650
0.249650
0.181396
0.181396
0.181396
0.181396
0.197664
0.213932
0.230199
0.246467
0.262735
0.279002
0.295270
0.295270
0.295270
0.295270
0.111992
0.111992
0.111992
0.111992
0.144692
0.177392
0.210091
0.242791
0.275491
0.308190
0.340890
0.340890
0.340890
0.340890
0.042589
0.042589
0.042589
0.042589
0.091721
0.140852
0.189984
0.239115
0.288247
0.337378
0.386510
0.386510
0.386510
0.386510
0.094409
0.094409
0.094409
0.094409
0.137506
0.180602
0.223698
0.266795
0.309891
0.352987
0.396083
0.396083
0.396083
0.396083
0.146230
0.146230
0.146230
0.146230
0.183291
0.220352
0.257413
0.294474
0.331535
0.368596
0.405657
0.405657
0.405657
0.405657
0.198050
0.198050
0.198050
0.198050
0.229076
0.260101
0.291127
0.322153
0.353179
0.384204
0.415230
0.415230
0.415230
0.415230
0.069843
0.069843
0.069843
0.069843
0.099740
0.129637
0.159533
0.189430
0.219327
0.249224
0.279120
0.279120
0.279120
0.279120
-0.058364
-0.058364
-0.058364
-0.058364
-0.029596
-0.000828
0.027940
0.056707
0.085475
0.114243
0.143011
0.143011
0.143011
0.143011
-0.186570
-0.186570
-0.186570
-0.186570
-0.158931
-0.131292
-0.103653
-0.076015
-0.048376
-0.020737
0.006902
0.006902
0.006902
0.006902
-0.146748
-0.146748
-0.146748
-0.146748
-0.127164
-0.107580
-0.087996
-0.068413
-0.048829
-0.029245
-0.009662
-0.009662
-0.009662
-0.009662
-0.106925
-0.106925
-0.106925
-0.106925
-0.095397
-0.083868
-0.072340
-0.060811
-0.049282
-0.037754
-0.026225
-0.026225
-0.026225
-0.026225
-0.067103
-0.067103
-0.067103
-0.067103
-0.063630
-0.060156
-0.056683
-0.053209
-0.049736
-0.046262
-0.042789
-0.042789
-0.042789
-0.042789
-0.113402
-0.113402
-0.113402
-0.113402
-0.103680
-0.093959
-0.084237
-0.074515
-0.064793
-0.055071
-0.045350
-0.045350
-0.045350
-0.045350
-0.159701
-0.159701
-0.159701
-0.159701
-0.143731
-0.127761
-0.111791
-0.095821
-0.079851
-0.063880
-0.047910
-0.047910
-0.047910
-0.047910
-0.206000
-0.206000
-0.206000
-0.206000
-0.183782
-0.161563
-0.139345
-0.117126
-0.094908
-0.072689
-0.050471
-0.050471
-0.050471
-0.050471
-0.206000
-0.206000
-0.206000
-0.206000
-0.183782
-0.161563
-0.139345
-0.117126
-0.094908
-0.072689
-0.050471
-0.050471
-0.050471
-0.050471
-0.630760
-0.630760
-0.630760
-0.630760
-0.592251
-0.553743
-0.515234
-0.476726
-0.438217
-0.399709
-0.361200
-0.361200
-0.361200
-0.361200
-0.630760
-0.630760
-0.630760
-0.630760
-0.592251
-0.553743
-0.515234
-0.476726
-0.438217
-0.399709
-0.361200
-0.361200
-0.361200
-0.361200
-0.387495
-0.387495
-0.387495
-0.387495
-0.370840
-0.354185
-0.337530
-0.320875
-0.304221
-0.287566
-0.270911
-0.270911
-0.270911
-0.270911
-0.144229
-0.144229
-0.144229
-0.144229
-0.149428
-0.154627
-0.159826
-0.165025
-0.170224
-0.175423
-0.180622
-0.180622
-0.180622
-0.180622
0.099036
0.099036
0.099036
0.099036
0.071983
0.044931
0.017878
-0.009175
-0.036228
-0.063280
-0.090333
-0.090333
-0.090333
-0.090333
0.143571
0.143571
0.143571
0.143571
0.124479
0.105387
0.086295
0.067203
0.048112
0.029020
0.009928
0.009928
0.009928
0.009928
0.188105
0.188105
0.188105
0.188105
0.176974
0.165844
0.154713
0.143582
0.132451
0.121320
0.110189
0.110189
0.110189
0.110189
0.232640
0.232640
0.232640
0.232640
0.229470
0.226300
0.223130
0.219960
0.216790
0.213620
0.210450
0.210450
0.210450
0.210450
0.143252
0.143252
0.143252
0.143252
0.148853
0.154453
0.160054
0.165655
0.171255
0.176856
0.182457
0.182457
0.182457
0.182457
0.053864
0.053864
0.053864
0.053864
0.068235
0.082607
0.096978
0.111349
0.125721
0.140092
0.154463
0.154463
0.154463
0.154463
-0.035524
-0.035524
-0.035524
-0.035524
-0.012382
0.010760
0.033902
0.057044
0.080186
0.103328
0.126470
0.126470
0.126470
0.126470
-0.007444
-0.007444
-0.007444
-0.007444
0.007976
0.023396
0.038815
0.054235
0.069655
0.085075
0.100494
0.100494
0.100494
0.100494
0.020637
0.020637
0.020637
0.020637
0.028334
0.036032
0.043729
0.051426
0.059124
0.066821
0.074519
0.074519
0.074519
0.074519
0.048717
0.048717
0.048717
0.048717
0.048692
0.048667
0.048642
0.048618
0.048593
0.048568
0.048543
0.048543
0.048543
0.048543
-0.033069
-0.033069
-0.033069
-0.033069
-0.019065
-0.005062
0.008941
0.022944
0.036948
0.050951
0.064954
0.064954
0.064954
0.064954
-0.114854
-0.114854
-0.114854
-0.114854
-0.086823
-0.058792
-0.030760
-0.002729
0.025302
0.053334
0.081365
0.081365
0.081365
0.081365
-0.196640
-0.196640
-0.196640
-0.196640
-0.154581
-0.112521
-0.070462
-0.028402
0.013657
0.055717
0.097776
0.097776
0.097776
0.097776
-0.172127
-0.172127
-0.172127
-0.172127
-0.145903
-0.119680
-0.093456
-0.067233
-0.041010
-0.014786
0.011437
0.011437
0.011437
0.011437
-0.147613
-0.147613
-0.147613
-0.147613
-0.137226
-0.126838
-0.116451
-0.106064
-0.095676
-0.085289
-0.074901
-0.074901
-0.074901
-0.074901
-0.123100
-0.123100
-0.123100
-0.123100
-0.128549
-0.133997
-0.139446
-0.144894
-0.150343
-0.155791
-0.161240
-0.161240
-0.161240
-0.161240
-0.212840
-0.212840
-0.212840
-0.212840
-0.209667
-0.206494
-0.203321
-0.200149
-0.196976
-0.193803
-0.190630
-0.190630
-0.190630
-0.190630
-0.302580
-0.302580
-0.302580
-0.302580
-0.290786
-0.278991
-0.267197
-0.255403
-0.243609
-0.231814
-0.220020
-0.220020
-0.220020
-0.220020
-0.392320
-0.392320
-0.392320
-0.392320
-0.371904
-0.351489
-0.331073
-0.310657
-0.290241
-0.269826
-0.249410
-0.249410
-0.249410
-0.249410
-0.343960
-0.343960
-0.343960
-0.343960
-0.315881
-0.287803
-0.259725
-0.231646
-0.203568
-0.175489
-0.147411
-0.147411
-0.147411
-0.147411
-0.295600
-0.295600
-0.295600
-0.295600
-0.259859
-0.224117
-0.188376
-0.152635
-0.116894
-0.081152
-0.045411
-0.045411
-0.045411
-0.045411
-0.247240
-0.247240
-0.247240
-0.247240
-0.203836
-0.160432
-0.117028
-0.073624
-0.030220
0.013184
0.056588
0.056588
0.056588
0.056588
-0.129113
-0.129113
-0.129113
-0.129113
-0.102452
-0.075792
-0.049131
-0.022470
0.004191
0.030851
0.057512
0.057512
0.057512
0.057512
-0.010987
-0.010987
-0.010987
-0.010987
-0.001069
0.008848
0.018766
0.028683
0.038601
0.048519
0.058436
0.058436
0.058436
0.058436
0.107140
0.107140
0.107140
0.107140
0.100314
0.093489
0.086663
0.079837
0.073011
0.066186
0.059360
0.059360
0.059360
0.059360
0.147177
0.147177
0.147177
0.147177
0.140794
0.134412
0.128030
0.121647
0.115265
0.108882
0.102500
0.102500
0.102500
0.102500
0.187213
0.187213
0.187213
0.187213
0.181274
0.175335
0.169396
0.163457
0.157518
0.151579
0.145640
0.145640
0.145640
0.145640
0.227250
0.227250
0.227250
0.227250
0.221754
0.216259
0.210763
0.205267
0.199771
0.194276
0.188780
0.188780
0.188780
0.188780
0.106896
0.106896
0.106896
0.106896
0.113384
0.119871
0.126358
0.132845
0.139332
0.145819
0.152307
0.152307
0.152307
0.152307
-0.013457
-0.013457
-0.013457
-0.013457
0.005013
0.023483
0.041953
0.060423
0.078893
0.097363
0.115833
0.115833
0.115833
0.115833
-0.133810
-0.133810
-0.133810
-0.133810
-0.103357
-0.072904
-0.042451
-0.011999
0.018454
0.048907
0.079360
0.079360
0.079360
0.079360
-0.145570
-0.145570
-0.145570
-0.145570
-0.119093
-0.092617
-0.066140
-0.039664
-0.013187
0.013289
0.039766
0.039766
0.039766
0.039766
-0.157330
-0.157330
-0.157330
-0.157330
-0.134830
-0.112329
-0.089829
-0.067329
-0.044829
-0.022328
0.000172
0.000172
0.000172
0.000172
-0.169090
-0.169090
-0.169090
-0.169090
-0.150566
-0.132042
-0.113518
-0.094994
-0.076470
-0.057946
-0.039422
-0.039422
-0.039422
-0.039422
-0.102443
-0.102443
-0.102443
-0.102443
-0.093286
-0.084128
-0.074971
-0.065813
-0.056656
-0.047499
-0.038341
-0.038341
-0.038341
-0.038341
-0.035796
-0.035796
-0.035796
-0.035796
-0.036005
-0.036214
-0.036424
-0.036633
-0.036842
-0.037051
-0.037261
-0.037261
-0.037261
-0.037261
0.030851
0.030851
0.030851
0.030851
0.021275
0.011699
0.002123
-0.007452
-0.017028
-0.026604
-0.036180
-0.036180
-0.036180
-0.036180
-0.030513
-0.030513
-0.030513
-0.030513
-0.037191
-0.043870
-0.050549
-0.057227
-0.063906
-0.070585
-0.077263
-0.077263
-0.077263
-0.077263
-0.091876
-0.091876
-0.091876
-0.091876
-0.095658
-0.099439
-0.103221
-0.107002
-0.110784
-0.114565
-0.118347
-0.118347
-0.118347
-0.118347
-0.153240
-0.153240
-0.153240
-0.153240
-0.154124
-0.155009
-0.155893
-0.156777
-0.157661
-0.158546
-0.159430
-0.159430
-0.159430
-0.159430
-0.152387
-0.152387
-0.152387
-0.152387
-0.158309
-0.164230
-0.170152
-0.176074
-0.181996
-0.187918
-0.193840
-0.193840
-0.193840
-0.193840
-0.151533
-0.151533
-0.151533
-0.151533
-0.162493
-0.173452
-0.184412
-0.195371
-0.206331
-0.217290
-0.228250
-0.228250
-0.228250
-0.228250
-0.150680
-0.150680
-0.150680
-0.150680
-0.166677
-0.182674
-0.198671
-0.214669
-0.230666
-0.246663
-0.262660
-0.262660
-0.262660
-0.262660
-0.044376
-0.044376
-0.044376
-0.044376
-0.043814
-0.043252
-0.042689
-0.042127
-0.041564
-0.041002
-0.040440
-0.040440
-0.040440
-0.040440
0.061927
0.061927
0.061927
0.061927
0.079049
0.096171
0.113293
0.130414
0.147536
0.164658
0.181780
0.181780
0.181780
0.181780
0.168230
0.168230
0.168230
0.168230
0.201911
0.235593
0.269274
0.302956
0.336637
0.370319
0.404000
0.404000
0.404000
0.404000
0.133551
0.133551
0.133551
0.133551
0.160662
0.187773
0.214883
0.241994
0.269105
0.296216
0.323327
0.323327
0.323327
0.323327
0.098872
0.098872
0.098872
0.098872
0.119412
0.139952
0.160492
0.181033
0.201573
0.222113
0.242653
0.242653
0.242653
0.242653
0.064193
0.064193
0.064193
0.064193
0.078163
0.092132
0.106102
0.120071
0.134041
0.148010
0.161980
0.161980
0.161980
0.161980
0.074745
0.074745
0.074745
0.074745
0.082539
0.090333
0.098128
0.105922
0.113716
0.121510
0.129305
0.129305
0.129305
0.129305
0.085297
0.085297
0.085297
0.085297
0.086916
0.088535
0.090154
0.091773
0.093391
0.095010
0.096629
0.096629
0.096629
0.096629
0.095849
0.095849
0.095849
0.095849
0.091293
0.086736
0.082180
0.077623
0.073067
0.068510
0.063954
0.063954
0.063954
0.063954
-0.004151
-0.004151
-0.004151
-0.004151
0.004642
0.013435
0.022228
0.031021
0.039814
0.048606
0.057399
0.057399
0.057399
0.057399
-0.104151
-0.104151
-0.104151
-0.104151
-0.082009
-0.059866
-0.037724
-0.015582
0.006560
0.028702
0.050845
0.050845
0.050845
0.050845
-0.204150
-0.204150
-0.204150
-0.204150
-0.168659
-0.133167
-0.097676
-0.062184
-0.026693
0.008799
0.044290
0.044290
0.044290
0.044290
-0.183733
-0.183733
-0.183733
-0.183733
-0.154907
-0.126081
-0.097255
-0.068429
-0.039603
-0.010777
0.018049
0.018049
0.018049
0.018049
-0.163317
-0.163317
-0.163317
-0.163317
-0.141156
-0.118995
-0.096835
-0.074674
-0.052513
-0.030353
-0.008192
-0.008192
-0.008192
-0.008192
-0.142900
-0.142900
-0.142900
-0.142900
-0.127405
-0.111909
-0.096414
-0.080919
-0.065424
-0.049928
-0.034433
-0.034433
-0.034433
-0.034433
-0.105275
-0.105275
-0.105275
-0.105275
-0.097542
-0.089810
-0.082078
-0.074346
-0.066613
-0.058881
-0.051149
-0.051149
-0.051149
-0.051149
-0.067649
-0.067649
-0.067649
-0.067649
-0.067680
-0.067711
-0.067742
-0.067773
-0.067803
-0.067834
-0.067865
-0.067865
-0.067865
-0.067865
-0.030024
-0.030024
-0.030024
-0.030024
-0.037818
-0.045612
-0.053406
-0.061199
-0.068993
-0.076787
-0.084581
-0.084581
-0.084581
-0.084581
0.000419
0.000419
0.000419
0.000419
-0.005035
-0.010489
-0.015943
-0.021397
-0.026851
-0.032304
-0.037758
-0.037758
-0.037758
-0.037758
0.030861
0.030861
0.030861
0.030861
0.027748
0.024634
0.021520
0.018406
0.015292
0.012178
0.009065
0.009065
0.009065
0.009065
0.061304
0.061304
0.061304
0.061304
0.060530
0.059756
0.058982
0.058209
0.057435
0.056661
0.055887
0.055887
0.055887
0.055887
0.051535
0.051535
0.051535
0.051535
0.047169
0.042804
0.038438
0.034073
0.029707
0.025342
0.020977
0.020977
0.020977
0.020977
0.041765
0.041765
0.041765
0.041765
0.033808
0.025851
0.017894
0.009937
0.001980
-0.005977
-0.013934
-0.013934
-0.013934
-0.013934
0.031996
0.031996
0.031996
0.031996
0.020447
0.008899
-0.002650
-0.014198
-0.025747
-0.037295
-0.048844
-0.048844
-0.048844
-0.048844
0.031996
0.031996
0.031996
0.031996
0.020447
0.008899
-0.002650
-0.014198
-0.025747
-0.037295
-0.048844
-0.048844
-0.048844
-0.048844
-0.327150
-0.327150
-0.327150
-0.327150
-0.330657
-0.334164
-0.337671
-0.341179
-0.344686
-0.348193
-0.351700
-0.351700
-0.351700
-0.351700
-0.327150
-0.327150
-0.327150
-0.327150
-0.330657
-0.334164
-0.337671
-0.341179
-0.344686
-0.348193
-0.351700
-0.351700
-0.351700
-0.351700
-0.188057
-0.188057
-0.188057
-0.188057
-0.191421
-0.194786
-0.198150
-0.201515
-0.204879
-0.208244
-0.211608
-0.211608
-0.211608
-0.211608
-0.048964
-0.048964
-0.048964
-0.048964
-0.052186
-0.055407
-0.058629
-0.061851
-0.065073
-0.068294
-0.071516
-0.071516
-0.071516
-0.071516
0.090129
0.090129
0.090129
0.090129
0.087050
0.083971
0.080892
0.077813
0.074734
0.071655
0.068576
0.068576
0.068576
0.068576
0.016276
0.016276
0.016276
0.016276
0.012504
0.008733
0.004961
0.001189
-0.002583
-0.006354
-0.010126
-0.010126
-0.010126
-0.010126
-0.057577
-0.057577
-0.057577
-0.057577
-0.062041
-0.066506
-0.070970
-0.075435
-0.079899
-0.084364
-0.088828
-0.088828
-0.088828
-0.088828
-0.131430
-0.131430
-0.131430
-0.131430
-0.136587
-0.141744
-0.146901
-0.152059
-0.157216
-0.162373
-0.167530
-0.167530
-0.167530
-0.167530
-0.112061
-0.112061
-0.112061
-0.112061
-0.112027
-0.111993
-0.111960
-0.111926
-0.111892
-0.111858
-0.111824
-0.111824
-0.111824
-0.111824
-0.092692
-0.092692
-0.092692
-0.092692
-0.087467
-0.082242
-0.077018
-0.071793
-0.066568
-0.061343
-0.056118
-0.056118
-0.056118
-0.056118
-0.073323
-0.073323
-0.073323
-0.073323
-0.062907
-0.052491
-0.042076
-0.031660
-0.021244
-0.010828
-0.000413
-0.000413
-0.000413
-0.000413
-0.024492
-0.024492
-0.024492
-0.024492
-0.018447
-0.012403
-0.006358
-0.000313
0.005732
0.011777
0.017822
0.017822
0.017822
0.017822
0.024338
0.024338
0.024338
0.024338
0.026012
0.027686
0.029360
0.031034
0.032708
0.034382
0.036056
0.036056
0.036056
0.036056
0.073169
0.073169
0.073169
0.073169
0.070472
0.067775
0.065078
0.062382
0.059685
0.056988
0.054291
0.054291
0.054291
0.054291
-0.017177
-0.017177
-0.017177
-0.017177
0.000267
0.017711
0.035155
0.052599
0.070043
0.087487
0.104931
0.104931
0.104931
0.104931
-0.107524
-0.107524
-0.107524
-0.107524
-0.069939
-0.032354
0.005231
0.042816
0.080401
0.117986
0.155570
0.155570
0.155570
0.155570
-0.197870
-0.197870
-0.197870
-0.197870
-0.140144
-0.082419
-0.024693
0.033033
0.090759
0.148484
0.206210
0.206210
0.206210
0.206210
-0.136103
-0.136103
-0.136103
-0.136103
-0.090651
-0.045198
0.000254
0.045706
0.091159
0.136611
0.182063
0.182063
0.182063
0.182063
-0.074336
-0.074336
-0.074336
-0.074336
-0.041157
-0.007978
0.025201
0.058380
0.091559
0.124738
0.157917
0.157917
0.157917
0.157917
-0.012569
-0.012569
-0.012569
-0.012569
0.008337
0.029242
0.050148
0.071053
0.091959
0.112864
0.133770
0.133770
0.133770
0.133770
-0.061903
-0.061903
-0.061903
-0.061903
-0.041524
-0.021144
-0.000765
0.019614
0.039993
0.060372
0.080751
0.080751
0.080751
0.080751
-0.111236
-0.111236
-0.111236
-0.111236
-0.091384
-0.071531
-0.051678
-0.031826
-0.011973
0.007880
0.027733
0.027733
0.027733
0.027733
-0.160570
-0.160570
-0.160570
-0.160570
-0.141244
-0.121917
-0.102591
-0.083265
-0.063939
-0.044612
-0.025286
-0.025286
-0.025286
-0.025286
-0.256793
-0.256793
-0.256793
-0.256793
-0.239646
-0.222498
-0.205351
-0.188203
-0.171056
-0.153908
-0.136761
-0.136761
-0.136761
-0.136761
-0.353017
-0.353017
-0.353017
-0.353017
-0.338048
-0.323079
-0.308110
-0.293142
-0.278173
-0.263204
-0.248235
-0.248235
-0.248235
-0.248235
-0.449240
-0.449240
-0.449240
-0.449240
-0.436450
-0.423660
-0.410870
-0.398080
-0.385290
-0.372500
-0.359710
-0.359710
-0.359710
-0.359710
-0.285620
-0.285620
-0.285620
-0.285620
-0.280052
-0.274485
-0.268917
-0.263350
-0.257782
-0.252215
-0.246647
-0.246647
-0.246647
-0.246647
-0.122000
-0.122000
-0.122000
-0.122000
-0.123655
-0.125310
-0.126965
-0.128620
-0.130275
-0.131930
-0.133585
-0.133585
-0.133585
-0.133585
0.041620
0.041620
0.041620
0.041620
0.032743
0.023865
0.014988
0.006110
-0.002767
-0.011645
-0.020522
-0.020522
-0.020522
-0.020522
-0.015760
-0.015760
-0.015760
-0.015760
-0.023499
-0.031239
-0.038978
-0.046717
-0.054456
-0.062196
-0.069935
-0.069935
-0.069935
-0.069935
-0.073140
-0.073140
-0.073140
-0.073140
-0.079741
-0.086342
-0.092943
-0.099544
-0.106145
-0.112746
-0.119347
-0.119347
-0.119347
-0.119347
-0.130520
-0.130520
-0.130520
-0.130520
-0.135983
-0.141446
-0.146909
-0.152371
-0.157834
-0.163297
-0.168760
-0.168760
-0.168760
-0.168760
-0.107681
-0.107681
-0.107681
-0.107681
-0.112245
-0.116809
-0.121373
-0.125937
-0.130502
-0.135066
-0.139630
-0.139630
-0.139630
-0.139630
-0.084843
-0.084843
-0.084843
-0.084843
-0.088508
-0.092173
-0.095838
-0.099504
-0.103169
-0.106834
-0.110499
-0.110499
-0.110499
-0.110499
-0.062004
-0.062004
-0.062004
-0.062004
-0.064770
-0.067537
-0.070303
-0.073070
-0.075836
-0.078603
-0.081369
-0.081369
-0.081369
-0.081369
-0.029745
-0.029745
-0.029745
-0.029745
-0.031485
-0.033226
-0.034967
-0.036708
-0.038448
-0.040189
-0.041930
-0.041930
-0.041930
-0.041930
0.002515
0.002515
0.002515
0.002515
0.001800
0.001085
0.000369
-0.000346
-0.001061
-0.001776
-0.002491
-0.002491
-0.002491
-0.002491
0.034774
0.034774
0.034774
0.034774
0.035085
0.035395
0.035706
0.036016
0.036327
0.036637
0.036948
0.036948
0.036948
0.036948
-0.025574
-0.025574
-0.025574
-0.025574
-0.014099
-0.002625
0.008850
0.020325
0.031799
0.043274
0.054749
0.054749
0.054749
0.054749
-0.085922
-0.085922
-0.085922
-0.085922
-0.063283
-0.040645
-0.018006
0.004633
0.027272
0.049911
0.072549
0.072549
0.072549
0.072549
-0.146270
-0.146270
-0.146270
-0.146270
-0.112467
-0.078664
-0.044861
-0.011059
0.022744
0.056547
0.090350
0.090350
0.090350
0.090350
-0.120283
-0.120283
-0.120283
-0.120283
-0.091034
-0.061784
-0.032535
-0.003285
0.025964
0.055214
0.084463
0.084463
0.084463
0.084463
-0.094297
-0.094297
-0.094297
-0.094297
-0.069600
-0.044904
-0.020208
0.004488
0.029184
0.053880
0.078577
0.078577
0.078577
0.078577
-0.068310
-0.068310
-0.068310
-0.068310
-0.048167
-0.028024
-0.007881
0.012261
0.032404
0.052547
0.072690
0.072690
0.072690
0.072690
-0.052183
-0.052183
-0.052183
-0.052183
-0.043988
-0.035793
-0.027599
-0.019404
-0.011209
-0.003015
0.005180
0.005180
0.005180
0.005180
-0.036055
-0.036055
-0.036055
-0.036055
-0.039809
-0.043562
-0.047316
-0.051069
-0.054823
-0.058577
-0.062330
-0.062330
-0.062330
-0.062330
-0.019928
-0.019928
-0.019928
-0.019928
-0.035630
-0.051331
-0.067033
-0.082735
-0.098437
-0.114138
-0.129840
-0.129840
-0.129840
-0.129840
-0.012055
-0.012055
-0.012055
-0.012055
-0.009243
-0.006432
-0.003620
-0.000808
0.002004
0.004815
0.007627
0.007627
0.007627
0.007627
-0.004182
-0.004182
-0.004182
-0.004182
0.017143
0.038468
0.059793
0.081118
0.102443
0.123768
0.145093
0.145093
0.145093
0.145093
0.003691
0.003691
0.003691
0.003691
0.043530
0.083368
0.123206
0.163045
0.202883
0.242722
0.282560
0.282560
0.282560
0.282560
0.017581
0.017581
0.017581
0.017581
0.050290
0.083000
0.115710
0.148420
0.181130
0.213840
0.246550
0.246550
0.246550
0.246550
0.031470
0.031470
0.031470
0.031470
0.057051
0.082633
0.108214
0.133796
0.159377
0.184958
0.210540
0.210540
0.210540
0.210540
0.045359
0.045359
0.045359
0.045359
0.063812
0.082265
0.100718
0.119171
0.137624
0.156077
0.174530
0.174530
0.174530
0.174530
0.049303
0.049303
0.049303
0.049303
0.063976
0.078648
0.093320
0.107993
0.122665
0.137338
0.152010
0.152010
0.152010
0.152010
0.053248
0.053248
0.053248
0.053248
0.064139
0.075031
0.085923
0.096815
0.107706
0.118598
0.129490
0.129490
0.129490
0.129490
0.057192
0.057192
0.057192
0.057192
0.064303
0.071414
0.078525
0.085637
0.092748
0.099859
0.106970
0.106970
0.106970
0.106970
-0.044472
-0.044472
-0.044472
-0.044472
-0.023277
-0.002082
0.019114
0.040309
0.061504
0.082700
0.103895
0.103895
0.103895
0.103895
-0.146136
-0.146136
-0.146136
-0.146136
-0.110857
-0.075577
-0.040298
-0.005018
0.030261
0.065541
0.100820
0.100820
0.100820
0.100820
-0.247800
-0.247800
-0.247800
-0.247800
-0.198436
-0.149073
-0.099709
-0.050346
-0.000982
0.048381
0.097745
0.097745
0.097745
0.097745
-0.200923
-0.200923
-0.200923
-0.200923
-0.164375
-0.127827
-0.091278
-0.054730
-0.018182
0.018367
0.054915
0.054915
0.054915
0.054915
-0.154046
-0.154046
-0.154046
-0.154046
-0.130313
-0.106580
-0.082847
-0.059114
-0.035381
-0.011648
0.012085
0.012085
0.012085
0.012085
-0.107170
-0.107170
-0.107170
-0.107170
-0.096252
-0.085334
-0.074416
-0.063499
-0.052581
-0.041663
-0.030745
-0.030745
-0.030745
-0.030745
-0.080630
-0.080630
-0.080630
-0.080630
-0.070838
-0.061047
-0.051255
-0.041464
-0.031672
-0.021881
-0.012089
-0.012089
-0.012089
-0.012089
-0.054089
-0.054089
-0.054089
-0.054089
-0.045424
-0.036759
-0.028094
-0.019429
-0.010764
-0.002099
0.006566
0.006566
0.006566
0.006566
-0.027549
-0.027549
-0.027549
-0.027549
-0.020010
-0.012472
-0.004933
0.002606
0.010145
0.017683
0.025222
0.025222
0.025222
0.025222
0.004342
0.004342
0.004342
0.004342
0.009626
0.014910
0.020195
0.025479
0.030763
0.036047
0.041331
0.041331
0.041331
0.041331
0.036233
0.036233
0.036233
0.036233
0.039263
0.042292
0.045322
0.048352
0.051381
0.054411
0.057441
0.057441
0.057441
0.057441
0.068124
0.068124
0.068124
0.068124
0.068899
0.069674
0.070449
0.071225
0.072000
0.072775
0.073550
0.073550
0.073550
0.073550
0.080553
0.080553
0.080553
0.080553
0.071419
0.062286
0.053152
0.044019
0.034885
0.025752
0.016618
0.016618
0.016618
0.016618
0.092981
0.092981
0.092981
0.092981
0.073939
0.054897
0.035855
0.016813
-0.002229
-0.021271
-0.040314
-0.040314
-0.040314
-0.040314
0.105410
0.105410
0.105410
0.105410
0.076459
0.047509
0.018558
-0.010393
-0.039344
-0.068294
-0.097245
-0.097245
-0.097245
-0.097245
0.105410
0.105410
0.105410
0.105410
0.076459
0.047509
0.018558
-0.010393
-0.039344
-0.068294
-0.097245
-0.097245
-0.097245
-0.097245
0.023078
0.023078
0.023078
0.023078
0.030993
0.038909
0.046824
0.054739
0.062654
0.070570
0.078485
0.078485
0.078485
0.078485
0.023078
0.023078
0.023078
0.023078
0.030993
0.038909
0.046824
0.054739
0.062654
0.070570
0.078485
0.078485
0.078485
0.078485
0.040174
0.040174
0.040174
0.040174
0.049550
0.058927
0.068304
0.077680
0.087057
0.096433
0.105810
0.105810
0.105810
0.105810
0.057269
0.057269
0.057269
0.057269
0.068107
0.078945
0.089783
0.100621
0.111459
0.122297
0.133135
0.133135
0.133135
0.133135
0.074365
0.074365
0.074365
0.074365
0.086664
0.098964
0.111263
0.123562
0.135861
0.148161
0.160460
0.160460
0.160460
0.160460
0.009583
0.009583
0.009583
0.009583
0.016922
0.024260
0.031599
0.038938
0.046276
0.053615
0.060953
0.060953
0.060953
0.060953
-0.055198
-0.055198
-0.055198
-0.055198
-0.052820
-0.050443
-0.048065
-0.045687
-0.043309
-0.040931
-0.038553
-0.038553
-0.038553
-0.038553
-0.119980
-0.119980
-0.119980
-0.119980
-0.122563
-0.125146
-0.127729
-0.130311
-0.132894
-0.135477
-0.138060
-0.138060
-0.138060
-0.138060
-0.103845
-0.103845
-0.103845
-0.103845
-0.094750
-0.085655
-0.076560
-0.067465
-0.058370
-0.049275
-0.040180
-0.040180
-0.040180
-0.040180
-0.087709
-0.087709
-0.087709
-0.087709
-0.066937
-0.046164
-0.025391
-0.004618
0.016154
0.036927
0.057700
0.057700
0.057700
0.057700
-0.071574
-0.071574
-0.071574
-0.071574
-0.039123
-0.006673
0.025778
0.058228
0.090679
0.123129
0.155580
0.155580
0.155580
0.155580
-0.058254
-0.058254
-0.058254
-0.058254
-0.036057
-0.013859
0.008338
0.030535
0.052733
0.074930
0.097127
0.097127
0.097127
0.097127
-0.044934
-0.044934
-0.044934
-0.044934
-0.032990
-0.021046
-0.009102
0.002842
0.014786
0.026731
0.038675
0.038675
0.038675
0.038675
-0.031614
-0.031614
-0.031614
-0.031614
-0.029923
-0.028232
-0.026541
-0.024851
-0.023160
-0.021469
-0.019778
-0.019778
-0.019778
-0.019778
-0.074139
-0.074139
-0.074139
-0.074139
-0.061094
-0.048048
-0.035003
-0.021957
-0.008911
0.004134
0.017180
0.017180
0.017180
0.017180
-0.116665
-0.116665
-0.116665
-0.116665
-0.092264
-0.067864
-0.043464
-0.019064
0.005337
0.029737
0.054137
0.054137
0.054137
0.054137
-0.159190
-0.159190
-0.159190
-0.159190
-0.123435
-0.087680
-0.051925
-0.016170
0.019585
0.055340
0.091095
0.091095
0.091095
0.091095
-0.090593
-0.090593
-0.090593
-0.090593
-0.060805
-0.031017
-0.001229
0.028559
0.058347
0.088135
0.117923
0.117923
0.117923
0.117923
-0.021996
-0.021996
-0.021996
-0.021996
0.001825
0.025646
0.049467
0.073288
0.097110
0.120931
0.144752
0.144752
0.144752
0.144752
0.046601
0.046601
0.046601
0.046601
0.064455
0.082309
0.100163
0.118018
0.135872
0.153726
0.171580
0.171580
0.171580
0.171580
0.025992
0.025992
0.025992
0.025992
0.042377
0.058762
0.075147
0.091532
0.107917
0.124301
0.140686
0.140686
0.140686
0.140686
0.005383
0.005383
0.005383
0.005383
0.020299
0.035214
0.050130
0.065046
0.079961
0.094877
0.109793
0.109793
0.109793
0.109793
-0.015226
-0.015226
-0.015226
-0.015226
-0.001780
0.011667
0.025113
0.038560
0.052006
0.065453
0.078899
0.078899
0.078899
0.078899
-0.153541
-0.153541
-0.153541
-0.153541
-0.145847
-0.138154
-0.130461
-0.122767
-0.115074
-0.107381
-0.099687
-0.099687
-0.099687
-0.099687
-0.291855
-0.291855
-0.291855
-0.291855
-0.289915
-0.287975
-0.286035
-0.284095
-0.282154
-0.280214
-0.278274
-0.278274
-0.278274
-0.278274
-0.430170
-0.430170
-0.430170
-0.430170
-0.433983
-0.437796
-0.441609
-0.445421
-0.449234
-0.453047
-0.456860
-0.456860
-0.456860
-0.456860
-0.260542
-0.260542
-0.260542
-0.260542
-0.268769
-0.276997
-0.285224
-0.293451
-0.301678
-0.309905
-0.318133
-0.318133
-0.318133
-0.318133
-0.090915
-0.090915
-0.090915
-0.090915
-0.103556
-0.116198
-0.128839
-0.141481
-0.154123
-0.166764
-0.179406
-0.179406
-0.179406
-0.179406
0.078713
0.078713
0.078713
0.078713
0.061657
0.044601
0.027545
0.010489
-0.006567
-0.023623
-0.040679
-0.040679
-0.040679
-0.040679
-0.022935
-0.022935
-0.022935
-0.022935
-0.038864
-0.054793
-0.070723
-0.086652
-0.102581
-0.118510
-0.134440
-0.134440
-0.134440
-0.134440
-0.124582
-0.124582
-0.124582
-0.124582
-0.139385
-0.154187
-0.168990
-0.183792
-0.198595
-0.213397
-0.228200
-0.228200
-0.228200
-0.228200
-0.226230
-0.226230
-0.226230
-0.226230
-0.239906
-0.253581
-0.267257
-0.280933
-0.294609
-0.308284
-0.321960
-0.321960
-0.321960
-0.321960
-0.146959
-0.146959
-0.146959
-0.146959
-0.163450
-0.179940
-0.196431
-0.212922
-0.229412
-0.245903
-0.262393
-0.262393
-0.262393
-0.262393
-0.067689
-0.067689
-0.067689
-0.067689
-0.086994
-0.106299
-0.125605
-0.144910
-0.164216
-0.183521
-0.202827
-0.202827
-0.202827
-0.202827
0.011582
0.011582
0.011582
0.011582
-0.010538
-0.032659
-0.054779
-0.076899
-0.099019
-0.121140
-0.143260
-0.143260
-0.143260
-0.143260
0.044385
0.044385
0.044385
0.044385
0.026797
0.009209
-0.008379
-0.025966
-0.043554
-0.061142
-0.078730
-0.078730
-0.078730
-0.078730
0.077187
0.077187
0.077187
0.077187
0.064132
0.051077
0.038021
0.024966
0.011911
-0.001145
-0.014200
-0.014200
-0.014200
-0.014200
0.109990
0.109990
0.109990
0.109990
0.101467
0.092944
0.084421
0.075899
0.067376
0.058853
0.050330
0.050330
0.050330
0.050330
0.016663
0.016663
0.016663
0.016663
0.025559
0.034455
0.043350
0.052246
0.061142
0.070038
0.078933
0.078933
0.078933
0.078933
-0.076663
-0.076663
-0.076663
-0.076663
-0.050349
-0.024035
0.002279
0.028594
0.054908
0.081222
0.107537
0.107537
0.107537
0.107537
-0.169990
-0.169990
-0.169990
-0.169990
-0.126257
-0.082524
-0.038791
0.004941
0.048674
0.092407
0.136140
0.136140
0.136140
0.136140
-0.127960
-0.127960
-0.127960
-0.127960
-0.091702
-0.055443
-0.019184
0.017074
0.053333
0.089591
0.125850
0.125850
0.125850
0.125850
-0.085931
-0.085931
-0.085931
-0.085931
-0.057146
-0.028362
0.000423
0.029207
0.057991
0.086776
0.115560
0.115560
0.115560
0.115560
-0.043901
-0.043901
-0.043901
-0.043901
-0.022591
-0.001281
0.020029
0.041340
0.062650
0.083960
0.105270
0.105270
0.105270
0.105270
-0.062247
-0.062247
-0.062247
-0.062247
-0.044595
-0.026943
-0.009291
0.008362
0.026014
0.043666
0.061318
0.061318
0.061318
0.061318
-0.080593
-0.080593
-0.080593
-0.080593
-0.066599
-0.052605
-0.038611
-0.024616
-0.010622
0.003372
0.017366
0.017366
0.017366
0.017366
-0.098939
-0.098939
-0.098939
-0.098939
-0.088603
-0.078267
-0.067931
-0.057594
-0.047258
-0.036922
-0.026586
-0.026586
-0.026586
-0.026586
-0.184203
-0.184203
-0.184203
-0.184203
-0.164986
-0.145769
-0.126552
-0.107335
-0.088118
-0.068901
-0.049684
-0.049684
-0.049684
-0.049684
-0.269466
-0.269466
-0.269466
-0.269466
-0.241369
-0.213271
-0.185173
-0.157075
-0.128977
-0.100879
-0.072781
-0.072781
-0.072781
-0.072781
-0.354730
-0.354730
-0.354730
-0.354730
-0.317751
-0.280773
-0.243794
-0.206815
-0.169836
-0.132858
-0.095879
-0.095879
-0.095879
-0.095879
-0.229095
-0.229095
-0.229095
-0.229095
-0.202458
-0.175821
-0.149183
-0.122546
-0.095909
-0.069271
-0.042634
-0.042634
-0.042634
-0.042634
-0.103460
-0.103460
-0.103460
-0.103460
-0.087164
-0.070869
-0.054573
-0.038277
-0.021981
-0.005685
0.010611
0.010611
0.010611
0.010611
0.022174
0.022174
0.022174
0.022174
0.028128
0.034083
0.040037
0.045992
0.051946
0.057901
0.063855
0.063855
0.063855
0.063855
0.029573
0.029573
0.029573
0.029573
0.034873
0.040174
0.045474
0.050774
0.056075
0.061375
0.066676
0.066676
0.066676
0.066676
0.036971
0.036971
0.036971
0.036971
0.041618
0.046264
0.050911
0.055557
0.060203
0.064850
0.069496
0.069496
0.069496
0.069496
0.044370
0.044370
0.044370
0.044370
0.048362
0.052355
0.056347
0.060340
0.064332
0.068325
0.072317
0.072317
0.072317
0.072317
-0.028797
-0.028797
-0.028797
-0.028797
-0.016701
-0.004605
0.007491
0.019587
0.031683
0.043778
0.055874
0.055874
0.055874
0.055874
-0.101964
-0.101964
-0.101964
-0.101964
-0.081764
-0.061565
-0.041366
-0.021166
-0.000967
0.019232
0.039432
0.039432
0.039432
0.039432
-0.175130
-0.175130
-0.175130
-0.175130
-0.146827
-0.118525
-0.090222
-0.061919
-0.033616
-0.005314
0.022989
0.022989
0.022989
0.022989
-0.123852
-0.123852
-0.123852
-0.123852
-0.100225
-0.076599
-0.052972
-0.029345
-0.005718
0.017909
0.041536
0.041536
0.041536
0.041536
-0.072574
-0.072574
-0.072574
-0.072574
-0.053623
-0.034673
-0.015722
0.003229
0.022180
0.041131
0.060082
0.060082
0.060082
0.060082
-0.021297
-0.021297
-0.021297
-0.021297
-0.007022
0.007253
0.021528
0.035804
0.050079
0.064354
0.078629
0.078629
0.078629
0.078629
-0.021830
-0.021830
-0.021830
-0.021830
-0.005101
0.011627
0.028356
0.045084
0.061813
0.078541
0.095269
0.095269
0.095269
0.095269
-0.022362
-0.022362
-0.022362
-0.022362
-0.003181
0.016001
0.035183
0.054365
0.073546
0.092728
0.111910
0.111910
0.111910
0.111910
-0.022895
-0.022895
-0.022895
-0.022895
-0.001260
0.020375
0.042010
0.063645
0.085280
0.106915
0.128550
0.128550
0.128550
0.128550
-0.018964
-0.018964
-0.018964
-0.018964
-0.002877
0.013209
0.029296
0.045382
0.061469
0.077555
0.093642
0.093642
0.093642
0.093642
-0.015033
-0.015033
-0.015033
-0.015033
-0.004495
0.006043
0.016581
0.027120
0.037658
0.048196
0.058734
0.058734
0.058734
0.058734
-0.011102
-0.011102
-0.011102
-0.011102
-0.006112
-0.001123
0.003867
0.008857
0.013847
0.018836
0.023826
0.023826
0.023826
0.023826
0.006161
0.006161
0.006161
0.006161
-0.001255
-0.008671
-0.016087
-0.023502
-0.030918
-0.038334
-0.045749
-0.045749
-0.045749
-0.045749
0.023423
0.023423
0.023423
0.023423
0.003602
-0.016219
-0.036040
-0.055861
-0.075683
-0.095504
-0.115325
-0.115325
-0.115325
-0.115325
0.040686
0.040686
0.040686
0.040686
0.008459
-0.023767
-0.055994
-0.088220
-0.120447
-0.152673
-0.184900
-0.184900
-0.184900
-0.184900
0.040686
0.040686
0.040686
0.040686
0.008459
-0.023767
-0.055994
-0.088220
-0.120447
-0.152673
-0.184900
-0.184900
-0.184900
-0.184900
0.266730
0.266730
0.266730
0.266730
0.298371
0.330013
0.361654
0.393296
0.424937
0.456579
0.488220
0.488220
0.488220
0.488220
0.266730
0.266730
0.266730
0.266730
0.298371
0.330013
0.361654
0.393296
0.424937
0.456579
0.488220
0.488220
0.488220
0.488220
0.085627
0.085627
0.085627
0.085627
0.124521
0.163415
0.202310
0.241204
0.280098
0.318992
0.357887
0.357887
0.357887
0.357887
-0.095477
-0.095477
-0.095477
-0.095477
-0.049330
-0.003182
0.042965
0.089112
0.135259
0.181406
0.227553
0.227553
0.227553
0.227553
-0.276580
-0.276580
-0.276580
-0.276580
-0.223180
-0.169780
-0.116380
-0.062980
-0.009580
0.043820
0.097220
0.097220
0.097220
0.097220
-0.157653
-0.157653
-0.157653
-0.157653
-0.118179
-0.078705
-0.039231
0.000242
0.039716
0.079190
0.118663
0.118663
0.118663
0.118663
-0.038725
-0.038725
-0.038725
-0.038725
-0.013178
0.012370
0.037917
0.063464
0.089012
0.114559
0.140107
0.140107
0.140107
0.140107
0.080202
0.080202
0.080202
0.080202
0.091823
0.103444
0.115065
0.126687
0.138308
0.149929
0.161550
0.161550
0.161550
0.161550
0.023800
0.023800
0.023800
0.023800
0.050302
0.076805
0.103307
0.129809
0.156312
0.182814
0.209317
0.209317
0.209317
0.209317
-0.032603
-0.032603
-0.032603
-0.032603
0.008781
0.050165
0.091548
0.132932
0.174316
0.215700
0.257083
0.257083
0.257083
0.257083
-0.089005
-0.089005
-0.089005
-0.089005
-0.032740
0.023525
0.079790
0.136055
0.192320
0.248585
0.304850
0.304850
0.304850
0.304850
-0.067408
-0.067408
-0.067408
-0.067408
-0.023227
0.020954
0.065135
0.109317
0.153498
0.197679
0.241860
0.241860
0.241860
0.241860
-0.045811
-0.045811
-0.045811
-0.045811
-0.013714
0.018384
0.050481
0.082578
0.114675
0.146773
0.178870
0.178870
0.178870
0.178870
-0.024214
-0.024214
-0.024214
-0.024214
-0.004201
0.015813
0.035826
0.055840
0.075853
0.095867
0.115880
0.115880
0.115880
0.115880
-0.037747
-0.037747
-0.037747
-0.037747
-0.020009
-0.002270
0.015468
0.033206
0.050945
0.068683
0.086422
0.086422
0.086422
0.086422
-0.051281
-0.051281
-0.051281
-0.051281
-0.035817
-0.020354
-0.004890
0.010573
0.026036
0.041500
0.056963
0.056963
0.056963
0.056963
-0.064814
-0.064814
-0.064814
-0.064814
-0.051626
-0.038437
-0.025249
-0.012060
0.001128
0.014317
0.027505
0.027505
0.027505
0.027505
-0.045659
-0.045659
-0.045659
-0.045659
-0.035430
-0.025201
-0.014972
-0.004743
0.005485
0.015714
0.025943
0.025943
0.025943
0.025943
-0.026503
-0.026503
-0.026503
-0.026503
-0.019234
-0.011965
-0.004696
0.002574
0.009843
0.017112
0.024381
0.024381
0.024381
0.024381
-0.007348
-0.007348
-0.007348
-0.007348
-0.003038
0.001271
0.005581
0.009890
0.014200
0.018509
0.022819
0.022819
0.022819
0.022819
0.077355
0.077355
0.077355
0.077355
0.078223
0.079090
0.079958
0.080826
0.081694
0.082562
0.083429
0.083429
0.083429
0.083429
0.162058
0.162058
0.162058
0.162058
0.159484
0.156910
0.154336
0.151762
0.149188
0.146614
0.144040
0.144040
0.144040
0.144040
0.246760
0.246760
0.246760
0.246760
0.240744
0.234729
0.228713
0.222697
0.216681
0.210666
0.204650
0.204650
0.204650
0.204650
0.180434
0.180434
0.180434
0.180434
0.174501
0.168567
0.162633
0.156699
0.150766
0.144832
0.138898
0.138898
0.138898
0.138898
0.114109
0.114109
0.114109
0.114109
0.108257
0.102405
0.096553
0.090702
0.084850
0.078998
0.073146
0.073146
0.073146
0.073146
0.047783
0.047783
0.047783
0.047783
0.042013
0.036243
0.030474
0.024704
0.018934
0.013164
0.007395
0.007395
0.007395
0.007395
-0.066015
-0.066015
-0.066015
-0.066015
-0.064610
-0.063206
-0.061802
-0.060397
-0.058993
-0.057588
-0.056184
-0.056184
-0.056184
-0.056184
-0.179812
-0.179812
-0.179812
-0.179812
-0.171234
-0.162655
-0.154076
-0.145498
-0.136919
-0.128340
-0.119762
-0.119762
-0.119762
-0.119762
-0.293610
-0.293610
-0.293610
-0.293610
-0.277857
-0.262104
-0.246351
-0.230599
-0.214846
-0.199093
-0.183340
-0.183340
-0.183340
-0.183340
-0.240220
-0.240220
-0.240220
-0.240220
-0.222172
-0.204124
-0.186077
-0.168029
-0.149981
-0.131933
-0.113886
-0.113886
-0.113886
-0.113886
-0.186830
-0.186830
-0.186830
-0.186830
-0.166487
-0.146145
-0.125802
-0.105459
-0.085117
-0.064774
-0.044431
-0.044431
-0.044431
-0.044431
-0.133440
-0.133440
-0.133440
-0.133440
-0.110802
-0.088165
-0.065527
-0.042890
-0.020252
0.002385
0.025023
0.025023
0.025023
0.025023
-0.118831
-0.118831
-0.118831
-0.118831
-0.095575
-0.072319
-0.049062
-0.025806
-0.002550
0.020706
0.043962
0.043962
0.043962
0.043962
-0.104221
-0.104221
-0.104221
-0.104221
-0.080347
-0.056472
-0.032598
-0.008723
0.015151
0.039026
0.062900
0.062900
0.062900
0.062900
-0.089612
-0.089612
-0.089612
-0.089612
-0.065119
-0.040626
-0.016133
0.008360
0.032853
0.057346
0.081839
0.081839
0.081839
0.081839
-0.031912
-0.031912
-0.031912
-0.031912
-0.017923
-0.003934
0.010054
0.024043
0.038032
0.052021
0.066010
0.066010
0.066010
0.066010
0.025788
0.025788
0.025788
0.025788
0.029273
0.032757
0.036242
0.039726
0.043211
0.046696
0.050180
0.050180
0.050180
0.050180
0.083488
0.083488
0.083488
0.083488
0.076468
0.069449
0.062429
0.055410
0.048390
0.041371
0.034351
0.034351
0.034351
0.034351
-0.011772
-0.011772
-0.011772
-0.011772
0.006365
0.024501
0.042637
0.060773
0.078909
0.097045
0.115181
0.115181
0.115181
0.115181
-0.107031
-0.107031
-0.107031
-0.107031
-0.063739
-0.020448
0.022844
0.066136
0.109427
0.152719
0.196010
0.196010
0.196010
0.196010
-0.202290
-0.202290
-0.202290
-0.202290
-0.133843
-0.065396
0.003051
0.071499
0.139946
0.208393
0.276840
0.276840
0.276840
0.276840
-0.153656
-0.153656
-0.153656
-0.153656
-0.103855
-0.054054
-0.004253
0.045548
0.095349
0.145151
0.194952
0.194952
0.194952
0.194952
-0.105021
-0.105021
-0.105021
-0.105021
-0.073866
-0.042711
-0.011556
0.019598
0.050753
0.081908
0.113063
0.113063
0.113063
0.113063
-0.056387
-0.056387
-0.056387
-0.056387
-0.043878
-0.031369
-0.018860
-0.006352
0.006157
0.018666
0.031175
0.031175
0.031175
0.031175
0.010612
0.010612
0.010612
0.010612
0.037675
0.064738
0.091801
0.118864
0.145928
0.172991
0.200054
0.200054
0.200054
0.200054
0.077611
0.077611
0.077611
0.077611
0.119228
0.160846
0.202463
0.244080
0.285697
0.327315
0.368932
0.368932
0.368932
0.368932
0.144610
0.144610
0.144610
0.144610
0.200781
0.256953
0.313124
0.369296
0.425467
0.481639
0.537810
0.537810
0.537810
0.537810
-0.008550
-0.008550
-0.008550
-0.008550
0.035208
0.078967
0.122725
0.166484
0.210242
0.254001
0.297760
0.297760
0.297760
0.297760
-0.161710
-0.161710
-0.161710
-0.161710
-0.130364
-0.099019
-0.067673
-0.036327
-0.004982
0.026364
0.057710
0.057710
0.057710
0.057710
-0.314870
-0.314870
-0.314870
-0.314870
-0.295937
-0.277004
-0.258071
-0.239139
-0.220206
-0.201273
-0.182340
-0.182340
-0.182340
-0.182340
-0.308760
-0.308760
-0.308760
-0.308760
-0.293250
-0.277739
-0.262229
-0.246718
-0.231208
-0.215697
-0.200187
-0.200187
-0.200187
-0.200187
-0.302650
-0.302650
-0.302650
-0.302650
-0.290562
-0.278474
-0.266386
-0.254298
-0.242210
-0.230121
-0.218033
-0.218033
-0.218033
-0.218033
-0.296540
-0.296540
-0.296540
-0.296540
-0.287874
-0.279209
-0.270543
-0.261877
-0.253211
-0.244546
-0.235880
-0.235880
-0.235880
-0.235880
-0.209249
-0.209249
-0.209249
-0.209249
-0.191421
-0.173592
-0.155764
-0.137935
-0.120107
-0.102278
-0.084450
-0.084450
-0.084450
-0.084450
-0.121959
-0.121959
-0.121959
-0.121959
-0.094968
-0.067976
-0.040985
-0.013994
0.012998
0.039989
0.066981
0.066981
0.066981
0.066981
-0.034669
-0.034669
-0.034669
-0.034669
0.001485
0.037639
0.073793
0.109948
0.146102
0.182256
0.218410
0.218410
0.218410
0.218410
-0.123673
-0.123673
-0.123673
-0.123673
-0.084108
-0.044544
-0.004979
0.034585
0.074150
0.113715
0.153279
0.153279
0.153279
0.153279
-0.212677
-0.212677
-0.212677
-0.212677
-0.169702
-0.126727
-0.083752
-0.040777
0.002198
0.045173
0.088148
0.088148
0.088148
0.088148
-0.301680
-0.301680
-0.301680
-0.301680
-0.255295
-0.208909
-0.162524
-0.116138
-0.069753
-0.023367
0.023018
0.023018
0.023018
0.023018
-0.160536
-0.160536
-0.160536
-0.160536
-0.135656
-0.110776
-0.085896
-0.061016
-0.036135
-0.011255
0.013625
0.013625
0.013625
0.013625
-0.019393
-0.019393
-0.019393
-0.019393
-0.016018
-0.012643
-0.009268
-0.005893
-0.002518
0.000857
0.004232
0.004232
0.004232
0.004232
0.121750
0.121750
0.121750
0.121750
0.103620
0.085490
0.067360
0.049230
0.031100
0.012970
-0.005160
-0.005160
-0.005160
-0.005160
0.013160
0.013160
0.013160
0.013160
0.033352
0.053545
0.073737
0.093929
0.114122
0.134314
0.154507
0.154507
0.154507
0.154507
-0.095430
-0.095430
-0.095430
-0.095430
-0.036916
0.021599
0.080114
0.138629
0.197144
0.255659
0.314174
0.314174
0.314174
0.314174
-0.204020
-0.204020
-0.204020
-0.204020
-0.107183
-0.010346
0.086491
0.183329
0.280166
0.377003
0.473840
0.473840
0.473840
0.473840
-0.172897
-0.172897
-0.172897
-0.172897
-0.102663
-0.032430
0.037803
0.108036
0.178270
0.248503
0.318736
0.318736
0.318736
0.318736
-0.141773
-0.141773
-0.141773
-0.141773
-0.098144
-0.054515
-0.010885
0.032744
0.076373
0.120003
0.163632
0.163632
0.163632
0.163632
-0.110650
-0.110650
-0.110650
-0.110650
-0.093624
-0.076599
-0.059573
-0.042548
-0.025522
-0.008497
0.008529
0.008529
0.008529
0.008529
-0.067823
-0.067823
-0.067823
-0.067823
-0.049102
-0.030381
-0.011661
0.007060
0.025781
0.044502
0.063223
0.063223
0.063223
0.063223
-0.024996
-0.024996
-0.024996
-0.024996
-0.004580
0.015836
0.036252
0.056668
0.077084
0.097500
0.117917
0.117917
0.117917
0.117917
0.017831
0.017831
0.017831
0.017831
0.039942
0.062054
0.084165
0.106276
0.128387
0.150499
0.172610
0.172610
0.172610
0.172610
0.017831
0.017831
0.017831
0.017831
0.039942
0.062054
0.084165
0.106276
0.128387
0.150499
0.172610
0.172610
0.172610
0.172610
0.183770
0.183770
0.183770
0.183770
0.221117
0.258464
0.295811
0.333159
0.370506
0.407853
0.445200
0.445200
0.445200
0.445200
0.183770
0.183770
0.183770
0.183770
0.221117
0.258464
0.295811
0.333159
0.370506
0.407853
0.445200
0.445200
0.445200
0.445200
0.132488
0.132488
0.132488
0.132488
0.160369
0.188251
0.216132
0.244014
0.271895
0.299777
0.327658
0.327658
0.327658
0.327658
0.081205
0.081205
0.081205
0.081205
0.099621
0.118037
0.136453
0.154869
0.173285
0.191701
0.210117
0.210117
0.210117
0.210117
0.029923
0.029923
0.029923
0.029923
0.038873
0.047824
0.056774
0.065724
0.074674
0.083625
0.092575
0.092575
0.092575
0.092575
0.027115
0.027115
0.027115
0.027115
0.035020
0.042924
0.050828
0.058732
0.066636
0.074540
0.082445
0.082445
0.082445
0.082445
0.024308
0.024308
0.024308
0.024308
0.031166
0.038024
0.044882
0.051740
0.058598
0.065456
0.072314
0.072314
0.072314
0.072314
0.021500
0.021500
0.021500
0.021500
0.027312
0.033124
0.038936
0.044748
0.050560
0.056372
0.062184
0.062184
0.062184
0.062184
-0.092013
-0.092013
-0.092013
-0.092013
-0.070338
-0.048662
-0.026986
-0.005310
0.016365
0.038041
0.059717
0.059717
0.059717
0.059717
-0.205527
-0.205527
-0.205527
-0.205527
-0.167987
-0.130448
-0.092908
-0.055369
-0.017830
0.019710
0.057249
0.057249
0.057249
0.057249
-0.319040
-0.319040
-0.319040
-0.319040
-0.265637
-0.212234
-0.158831
-0.105427
-0.052024
0.001379
0.054782
0.054782
0.054782
0.054782
-0.281897
-0.281897
-0.281897
-0.281897
-0.253988
-0.226080
-0.198172
-0.170264
-0.142355
-0.114447
-0.086539
-0.086539
-0.086539
-0.086539
-0.244753
-0.244753
-0.244753
-0.244753
-0.242340
-0.239926
-0.237513
-0.235100
-0.232686
-0.230273
-0.227859
-0.227859
-0.227859
-0.227859
-0.207610
-0.207610
-0.207610
-0.207610
-0.230691
-0.253773
-0.276854
-0.299936
-0.323017
-0.346099
-0.369180
-0.369180
-0.369180
-0.369180
-0.162943
-0.162943
-0.162943
-0.162943
-0.165607
-0.168272
-0.170936
-0.173600
-0.176265
-0.178929
-0.181593
-0.181593
-0.181593
-0.181593
-0.118276
-0.118276
-0.118276
-0.118276
-0.100523
-0.082770
-0.065018
-0.047265
-0.029512
-0.011759
0.005994
0.005994
0.005994
0.005994
-0.073609
-0.073609
-0.073609
-0.073609
-0.035439
0.002731
0.040901
0.079070
0.117240
0.155410
0.193580
0.193580
0.193580
0.193580
-0.069653
-0.069653
-0.069653
-0.069653
-0.040259
-0.010865
0.018529
0.047924
0.077318
0.106712
0.136106
0.136106
0.136106
0.136106
-0.065698
-0.065698
-0.065698
-0.065698
-0.045079
-0.024460
-0.003842
0.016777
0.037395
0.058014
0.078633
0.078633
0.078633
0.078633
-0.061742
-0.061742
-0.061742
-0.061742
-0.049899
-0.038056
-0.026213
-0.014370
-0.002527
0.009316
0.021159
0.021159
0.021159
0.021159
0.018022
0.018022
0.018022
0.018022
0.020458
0.022894
0.025330
0.027766
0.030202
0.032637
0.035073
0.035073
0.035073
0.035073
0.097786
0.097786
0.097786
0.097786
0.090815
0.083844
0.076872
0.069901
0.062930
0.055959
0.048988
0.048988
0.048988
0.048988
0.177550
0.177550
0.177550
0.177550
0.161172
0.144793
0.128415
0.112037
0.095659
0.079280
0.062902
0.062902
0.062902
0.062902
0.090762
0.090762
0.090762
0.090762
0.085399
0.080037
0.074674
0.069311
0.063949
0.058586
0.053224
0.053224
0.053224
0.053224
0.003974
0.003974
0.003974
0.003974
0.009627
0.015280
0.020933
0.026586
0.032239
0.037892
0.043545
0.043545
0.043545
0.043545
-0.082814
-0.082814
-0.082814
-0.082814
-0.066145
-0.049477
-0.032808
-0.016139
0.000530
0.017198
0.033867
0.033867
0.033867
0.033867
-0.019853
-0.019853
-0.019853
-0.019853
-0.014303
-0.008754
-0.003205
0.002345
0.007894
0.013443
0.018993
0.018993
0.018993
0.018993
0.043109
0.043109
0.043109
0.043109
0.037539
0.031969
0.026399
0.020828
0.015258
0.009688
0.004118
0.004118
0.004118
0.004118
0.106070
0.106070
0.106070
0.106070
0.089381
0.072691
0.056002
0.039312
0.022623
0.005933
-0.010756
-0.010756
-0.010756
-0.010756
0.099186
0.099186
0.099186
0.099186
0.077111
0.055037
0.032962
0.010887
-0.011188
-0.033263
-0.055337
-0.055337
-0.055337
-0.055337
0.092303
0.092303
0.092303
0.092303
0.064842
0.037382
0.009922
-0.017538
-0.044998
-0.072459
-0.099919
-0.099919
-0.099919
-0.099919
0.085419
0.085419
0.085419
0.085419
0.052573
0.019728
-0.013118
-0.045963
-0.078809
-0.111654
-0.144500
-0.144500
-0.144500
-0.144500
0.018223
0.018223
0.018223
0.018223
-0.013262
-0.044746
-0.076230
-0.107714
-0.139198
-0.170683
-0.202167
-0.202167
-0.202167
-0.202167
-0.048974
-0.048974
-0.048974
-0.048974
-0.079097
-0.109219
-0.139342
-0.169465
-0.199588
-0.229711
-0.259833
-0.259833
-0.259833
-0.259833
-0.116170
-0.116170
-0.116170
-0.116170
-0.144931
-0.173693
-0.202454
-0.231216
-0.259977
-0.288739
-0.317500
-0.317500
-0.317500
-0.317500
-0.073259
-0.073259
-0.073259
-0.073259
-0.090696
-0.108133
-0.125569
-0.143006
-0.160443
-0.177880
-0.195317
-0.195317
-0.195317
-0.195317
-0.030348
-0.030348
-0.030348
-0.030348
-0.036460
-0.042573
-0.048685
-0.054797
-0.060909
-0.067022
-0.073134
-0.073134
-0.073134
-0.073134
0.012563
0.012563
0.012563
0.012563
0.017775
0.022988
0.028200
0.033412
0.038624
0.043837
0.049049
0.049049
0.049049
0.049049
-0.009059
-0.009059
-0.009059
-0.009059
-0.022503
-0.035947
-0.049391
-0.062836
-0.076280
-0.089724
-0.103168
-0.103168
-0.103168
-0.103168
-0.030682
-0.030682
-0.030682
-0.030682
-0.062782
-0.094882
-0.126983
-0.159083
-0.191183
-0.223284
-0.255384
-0.255384
-0.255384
-0.255384
-0.052304
-0.052304
-0.052304
-0.052304
-0.103061
-0.153817
-0.204574
-0.255330
-0.306087
-0.356843
-0.407600
-0.407600
-0.407600
-0.407600
-0.024369
-0.024369
-0.024369
-0.024369
-0.055089
-0.085809
-0.116529
-0.147248
-0.177968
-0.208688
-0.239408
-0.239408
-0.239408
-0.239408
0.003567
0.003567
0.003567
0.003567
-0.007117
-0.017800
-0.028484
-0.039167
-0.049850
-0.060534
-0.071217
-0.071217
-0.071217
-0.071217
0.031502
0.031502
0.031502
0.031502
0.040855
0.050208
0.059561
0.068915
0.078268
0.087621
0.096974
0.096974
0.096974
0.096974
0.054488
0.054488
0.054488
0.054488
0.053062
0.051635
0.050209
0.048783
0.047357
0.045930
0.044504
0.044504
0.044504
0.044504
0.077474
0.077474
0.077474
0.077474
0.065268
0.053063
0.040857
0.028651
0.016445
0.004240
-0.007966
-0.007966
-0.007966
-0.007966
0.100460
0.100460
0.100460
0.100460
0.077475
0.054490
0.031505
0.008519
-0.014466
-0.037451
-0.060436
-0.060436
-0.060436
-0.060436
-0.170404
-0.170404
-0.170404
-0.170404
-0.177781
-0.185158
-0.192535
-0.199913
-0.207290
-0.214667
-0.222044
-0.222044
-0.222044
-0.222044
-0.441267
-0.441267
-0.441267
-0.441267
-0.433036
-0.424806
-0.416575
-0.408344
-0.400114
-0.391883
-0.383652
-0.383652
-0.383652
-0.383652
-0.712130
-0.712130
-0.712130
-0.712130
-0.688291
-0.664453
-0.640614
-0.616776
-0.592937
-0.569099
-0.545260
-0.545260
-0.545260
-0.545260
-0.413469
-0.413469
-0.413469
-0.413469
-0.409624
-0.405779
-0.401934
-0.398089
-0.394244
-0.390399
-0.386554
-0.386554
-0.386554
-0.386554
-0.114809
-0.114809
-0.114809
-0.114809
-0.130957
-0.147106
-0.163254
-0.179402
-0.195551
-0.211699
-0.227847
-0.227847
-0.227847
-0.227847
0.183850
0.183850
0.183850
0.183850
0.147708
0.111567
0.075425
0.039283
0.003141
-0.033000
-0.069142
-0.069142
-0.069142
-0.069142
0.143247
0.143247
0.143247
0.143247
0.104310
0.065373
0.026436
-0.012501
-0.051438
-0.090375
-0.129311
-0.129311
-0.129311
-0.129311
0.102645
0.102645
0.102645
0.102645
0.060912
0.019180
-0.022552
-0.064284
-0.106016
-0.147749
-0.189481
-0.189481
-0.189481
-0.189481
0.062042
0.062042
0.062042
0.062042
0.017515
-0.027013
-0.071540
-0.116068
-0.160595
-0.205123
-0.249650
-0.249650
-0.249650
-0.249650
0.151772
0.151772
0.151772
0.151772
0.103327
0.054883
0.006439
-0.042005
-0.090449
-0.138893
-0.187337
-0.187337
-0.187337
-0.187337
0.241501
0.241501
0.241501
0.241501
0.189140
0.136780
0.084419
0.032058
-0.020302
-0.072663
-0.125024
-0.125024
-0.125024
-0.125024
0.331230
0.331230
0.331230
0.331230
0.274953
0.218675
0.162398
0.106121
0.049844
-0.006434
-0.062711
-0.062711
-0.062711
-0.062711
0.318553
0.318553
0.318553
0.318553
0.277280
0.236007
0.194735
0.153462
0.112189
0.070916
0.029643
0.029643
0.029643
0.029643
0.305877
0.305877
0.305877
0.305877
0.279608
0.253339
0.227071
0.200802
0.174534
0.148265
0.121997
0.121997
0.121997
0.121997
0.293200
0.293200
0.293200
0.293200
0.281936
0.270671
0.259407
0.248143
0.236879
0.225614
0.214350
0.214350
0.214350
0.214350
0.248197
0.248197
0.248197
0.248197
0.213480
0.178764
0.144048
0.109332
0.074615
0.039899
0.005183
0.005183
0.005183
0.005183
0.203193
0.203193
0.203193
0.203193
0.145025
0.086857
0.028689
-0.029480
-0.087648
-0.145816
-0.203984
-0.203984
-0.203984
-0.203984
0.158190
0.158190
0.158190
0.158190
0.076570
-0.005050
-0.086670
-0.168290
-0.249910
-0.331530
-0.413150
-0.413150
-0.413150
-0.413150
0.123433
0.123433
0.123433
0.123433
0.068040
0.012648
-0.042744
-0.098137
-0.153529
-0.208921
-0.264313
-0.264313
-0.264313
-0.264313
0.088675
0.088675
0.088675
0.088675
0.059511
0.030346
0.001181
-0.027983
-0.057148
-0.086312
-0.115477
-0.115477
-0.115477
-0.115477
0.053918
0.053918
0.053918
0.053918
0.050981
0.048044
0.045107
0.042170
0.039233
0.036296
0.033359
0.033359
0.033359
0.033359
0.069939
0.069939
0.069939
0.069939
0.062234
0.054530
0.046826
0.039122
0.031417
0.023713
0.016009
0.016009
0.016009
0.016009
0.085959
0.085959
0.085959
0.085959
0.073488
0.061016
0.048545
0.036073
0.023601
0.011130
-0.001342
-0.001342
-0.001342
-0.001342
0.101980
0.101980
0.101980
0.101980
0.084741
0.067502
0.050263
0.033025
0.015786
-0.001453
-0.018692
-0.018692
-0.018692
-0.018692
0.101980
0.101980
0.101980
0.101980
0.084741
0.067502
0.050263
0.033025
0.015786
-0.001453
-0.018692
-0.018692
-0.018692
-0.018692
-0.696580
-0.696580
-0.696580
-0.696580
-0.636547
-0.576514
-0.516481
-0.456449
-0.396416
-0.336383
-0.276350
-0.276350
-0.276350
-0.276350
-0.696580
-0.696580
-0.696580
-0.696580
-0.636547
-0.576514
-0.516481
-0.456449
-0.396416
-0.336383
-0.276350
-0.276350
-0.276350
-0.276350
-0.437635
-0.437635
-0.437635
-0.437635
-0.401786
-0.365937
-0.330087
-0.294238
-0.258389
-0.222539
-0.186690
-0.186690
-0.186690
-0.186690
-0.178691
-0.178691
-0.178691
-0.178691
-0.167025
-0.155359
-0.143693
-0.132027
-0.120361
-0.108696
-0.097030
-0.097030
-0.097030
-0.097030
0.080254
0.080254
0.080254
0.080254
0.067736
0.055219
0.042701
0.030183
0.017666
0.005148
-0.007370
-0.007370
-0.007370
-0.007370
0.129766
0.129766
0.129766
0.129766
0.115595
0.101423
0.087252
0.073081
0.058910
0.044738
0.030567
0.030567
0.030567
0.030567
0.179278
0.179278
0.179278
0.179278
0.163453
0.147628
0.131803
0.115978
0.100153
0.084328
0.068504
0.068504
0.068504
0.068504
0.228790
0.228790
0.228790
0.228790
0.211311
0.193833
0.176354
0.158876
0.141397
0.123919
0.106440
0.106440
0.106440
0.106440
0.189927
0.189927
0.189927
0.189927
0.179714
0.169502
0.159290
0.149077
0.138865
0.128652
0.118440
0.118440
0.118440
0.118440
0.151063
0.151063
0.151063
0.151063
0.148117
0.145171
0.142225
0.139279
0.136332
0.133386
0.130440
0.130440
0.130440
0.130440
0.112200
0.112200
0.112200
0.112200
0.116520
0.120840
0.125160
0.129480
0.133800
0.138120
0.142440
0.142440
0.142440
0.142440
0.161737
0.161737
0.161737
0.161737
0.155980
0.150223
0.144467
0.138710
0.132953
0.127196
0.121440
0.121440
0.121440
0.121440
0.211273
0.211273
0.211273
0.211273
0.195440
0.179606
0.163773
0.147940
0.132106
0.116273
0.100439
0.100439
0.100439
0.100439
0.260810
0.260810
0.260810
0.260810
0.234900
0.208990
0.183080
0.157169
0.131259
0.105349
0.079439
0.079439
0.079439
0.079439
0.276600
0.276600
0.276600
0.276600
0.239189
0.201778
0.164367
0.126956
0.089545
0.052134
0.014723
0.014723
0.014723
0.014723
0.292390
0.292390
0.292390
0.292390
0.243478
0.194566
0.145654
0.096742
0.047830
-0.001082
-0.049994
-0.049994
-0.049994
-0.049994
0.308180
0.308180
0.308180
0.308180
0.247767
0.187354
0.126941
0.066529
0.006116
-0.054297
-0.114710
-0.114710
-0.114710
-0.114710
0.153060
0.153060
0.153060
0.153060
0.129712
0.106364
0.083016
0.059668
0.036320
0.012971
-0.010377
-0.010377
-0.010377
-0.010377
-0.002060
-0.002060
-0.002060
-0.002060
0.011657
0.025373
0.039090
0.052807
0.066523
0.080240
0.093957
0.093957
0.093957
0.093957
-0.157180
-0.157180
-0.157180
-0.157180
-0.106399
-0.055617
-0.004836
0.045946
0.096727
0.147509
0.198290
0.198290
0.198290
0.198290
-0.115664
-0.115664
-0.115664
-0.115664
-0.084467
-0.053270
-0.022074
0.009123
0.040320
0.071516
0.102713
0.102713
0.102713
0.102713
-0.074147
-0.074147
-0.074147
-0.074147
-0.062535
-0.050924
-0.039312
-0.027700
-0.016088
-0.004476
0.007136
0.007136
0.007136
0.007136
-0.032631
-0.032631
-0.032631
-0.032631
-0.040604
-0.048577
-0.056550
-0.064522
-0.072495
-0.080468
-0.088441
-0.088441
-0.088441
-0.088441
-0.043687
-0.043687
-0.043687
-0.043687
-0.033849
-0.024012
-0.014174
-0.004337
0.005501
0.015338
0.025176
0.025176
0.025176
0.025176
-0.054743
-0.054743
-0.054743
-0.054743
-0.027095
0.000553
0.028201
0.055849
0.083497
0.111145
0.138793
0.138793
0.138793
0.138793
-0.065799
-0.065799
-0.065799
-0.065799
-0.020341
0.025118
0.070576
0.116035
0.161493
0.206952
0.252410
0.252410
0.252410
0.252410
-0.078299
-0.078299
-0.078299
-0.078299
-0.040264
-0.002229
0.035807
0.073842
0.111877
0.149913
0.187948
0.187948
0.187948
0.187948
-0.090800
-0.090800
-0.090800
-0.090800
-0.060187
-0.029575
0.001037
0.031649
0.062261
0.092874
0.123486
0.123486
0.123486
0.123486
-0.103300
-0.103300
-0.103300
-0.103300
-0.080111
-0.056922
-0.033733
-0.010543
0.012646
0.035835
0.059024
0.059024
0.059024
0.059024
-0.031387
-0.031387
-0.031387
-0.031387
-0.024928
-0.018470
-0.012012
-0.005554
0.000904
0.007362
0.013821
0.013821
0.013821
0.013821
0.040527
0.040527
0.040527
0.040527
0.030254
0.019981
0.009708
-0.000564
-0.010837
-0.021110
-0.031383
-0.031383
-0.031383
-0.031383
0.112440
0.112440
0.112440
0.112440
0.085436
0.058433
0.031429
0.004425
-0.022579
-0.049582
-0.076586
-0.076586
-0.076586
-0.076586
0.046748
0.046748
0.046748
0.046748
0.025600
0.004452
-0.016696
-0.037844
-0.058992
-0.080139
-0.101287
-0.101287
-0.101287
-0.101287
-0.018943
-0.018943
-0.018943
-0.018943
-0.034236
-0.049528
-0.064820
-0.080112
-0.095404
-0.110697
-0.125989
-0.125989
-0.125989
-0.125989
-0.084635
-0.084635
-0.084635
-0.084635
-0.094071
-0.103508
-0.112944
-0.122381
-0.131817
-0.141254
-0.150690
-0.150690
-0.150690
-0.150690
-0.014580
-0.014580
-0.014580
-0.014580
-0.024669
-0.034758
-0.044848
-0.054937
-0.065026
-0.075116
-0.085205
-0.085205
-0.085205
-0.085205
0.055475
0.055475
0.055475
0.055475
0.044733
0.033991
0.023249
0.012506
0.001764
-0.008978
-0.019720
-0.019720
-0.019720
-0.019720
0.125530
0.125530
0.125530
0.125530
0.114135
0.102740
0.091345
0.079950
0.068555
0.057160
0.045765
0.045765
0.045765
0.045765
0.057003
0.057003
0.057003
0.057003
0.043104
0.029206
0.015307
0.001409
-0.012490
-0.026388
-0.040287
-0.040287
-0.040287
-0.040287
-0.011525
-0.011525
-0.011525
-0.011525
-0.027927
-0.044329
-0.060731
-0.077133
-0.093535
-0.109936
-0.126338
-0.126338
-0.126338
-0.126338
-0.080052
-0.080052
-0.080052
-0.080052
-0.098957
-0.117863
-0.136768
-0.155674
-0.174579
-0.193485
-0.212390
-0.212390
-0.212390
-0.212390
-0.001515
-0.001515
-0.001515
-0.001515
-0.017724
-0.033933
-0.050143
-0.066352
-0.082562
-0.098771
-0.114981
-0.114981
-0.114981
-0.114981
0.077023
0.077023
0.077023
0.077023
0.063509
0.049996
0.036482
0.022969
0.009455
-0.004058
-0.017572
-0.017572
-0.017572
-0.017572
0.155560
0.155560
0.155560
0.155560
0.144742
0.133925
0.123107
0.112290
0.101472
0.090655
0.079837
0.079837
0.079837
0.079837
0.135847
0.135847
0.135847
0.135847
0.131288
0.126729
0.122170
0.117611
0.113052
0.108494
0.103935
0.103935
0.103935
0.103935
0.116133
0.116133
0.116133
0.116133
0.117833
0.119533
0.121233
0.122933
0.124633
0.126332
0.128032
0.128032
0.128032
0.128032
0.096420
0.096420
0.096420
0.096420
0.104379
0.112337
0.120296
0.128254
0.136213
0.144171
0.152130
0.152130
0.152130
0.152130
0.009910
0.009910
0.009910
0.009910
0.013765
0.017620
0.021476
0.025331
0.029186
0.033041
0.036896
0.036896
0.036896
0.036896
-0.076600
-0.076600
-0.076600
-0.076600
-0.076848
-0.077096
-0.077344
-0.077592
-0.077841
-0.078089
-0.078337
-0.078337
-0.078337
-0.078337
-0.163110
-0.163110
-0.163110
-0.163110
-0.167461
-0.171813
-0.176164
-0.180516
-0.184867
-0.189219
-0.193570
-0.193570
-0.193570
-0.193570
-0.011210
-0.011210
-0.011210
-0.011210
-0.020831
-0.030452
-0.040073
-0.049694
-0.059315
-0.068935
-0.078556
-0.078556
-0.078556
-0.078556
0.140691
0.140691
0.140691
0.140691
0.125800
0.110910
0.096019
0.081129
0.066238
0.051348
0.036457
0.036457
0.036457
0.036457
0.292590
0.292590
0.292590
0.292590
0.272430
0.252270
0.232110
0.211950
0.191790
0.171630
0.151470
0.151470
0.151470
0.151470
0.184187
0.184187
0.184187
0.184187
0.168871
0.153555
0.138238
0.122922
0.107605
0.092289
0.076973
0.076973
0.076973
0.076973
0.075785
0.075785
0.075785
0.075785
0.065312
0.054839
0.044366
0.033894
0.023421
0.012948
0.002475
0.002475
0.002475
0.002475
-0.032617
-0.032617
-0.032617
-0.032617
-0.038246
-0.043876
-0.049505
-0.055134
-0.060763
-0.066393
-0.072022
-0.072022
-0.072022
-0.072022
0.272186
0.272186
0.272186
0.272186
0.263410
0.254634
0.245859
0.237083
0.228307
0.219532
0.210756
0.210756
0.210756
0.210756
0.576989
0.576989
0.576989
0.576989
0.565067
0.553145
0.541222
0.529300
0.517378
0.505456
0.493534
0.493534
0.493534
0.493534
0.881790
0.881790
0.881790
0.881790
0.866721
0.851653
0.836584
0.821516
0.806447
0.791379
0.776310
0.776310
0.776310
0.776310
0.544429
0.544429
0.544429
0.544429
0.530986
0.517543
0.504099
0.490656
0.477213
0.463769
0.450326
0.450326
0.450326
0.450326
0.207069
0.207069
0.207069
0.207069
0.195251
0.183433
0.171614
0.159796
0.147978
0.136160
0.124342
0.124342
0.124342
0.124342
-0.130290
-0.130290
-0.130290
-0.130290
-0.140483
-0.150676
-0.160869
-0.171061
-0.181254
-0.191447
-0.201640
-0.201640
-0.201640
-0.201640
-0.030633
-0.030633
-0.030633
-0.030633
-0.036969
-0.043305
-0.049640
-0.055976
-0.062312
-0.068647
-0.074983
-0.074983
-0.074983
-0.074983
0.069024
0.069024
0.069024
0.069024
0.066545
0.064067
0.061588
0.059109
0.056631
0.054152
0.051674
0.051674
0.051674
0.051674
0.168680
0.168680
0.168680
0.168680
0.170059
0.171437
0.172816
0.174194
0.175573
0.176951
0.178330
0.178330
0.178330
0.178330
0.056326
0.056326
0.056326
0.056326
0.053645
0.050964
0.048282
0.045601
0.042919
0.040238
0.037556
0.037556
0.037556
0.037556
-0.056027
-0.056027
-0.056027
-0.056027
-0.062769
-0.069510
-0.076251
-0.082993
-0.089734
-0.096476
-0.103217
-0.103217
-0.103217
-0.103217
-0.168380
-0.168380
-0.168380
-0.168380
-0.179181
-0.189983
-0.200784
-0.211586
-0.222387
-0.233189
-0.243990
-0.243990
-0.243990
-0.243990
-0.002423
-0.002423
-0.002423
-0.002423
-0.006324
-0.010225
-0.014126
-0.018027
-0.021928
-0.025829
-0.029730
-0.029730
-0.029730
-0.029730
0.163534
0.163534
0.163534
0.163534
0.166533
0.169533
0.172533
0.175532
0.178532
0.181531
0.184531
0.184531
0.184531
0.184531
0.329490
0.329490
0.329490
0.329490
0.339390
0.349290
0.359190
0.369090
0.378990
0.388890
0.398790
0.398790
0.398790
0.398790
0.329490
0.329490
0.329490
0.329490
0.339390
0.349290
0.359190
0.369090
0.378990
0.388890
0.398790
0.398790
0.398790
0.398790
